-0.200000	-0.122057	
0	0.2122	0.0989	0.0776	0.0674	0.0863	0.2692	0.0405	0.1479	0.0000	0.0000	0.0000	0.0000	0.0000	0.0000	0.0000	0.0000	
1	0.0416	0.1808	0.2544	0.1798	0.1467	0.0194	0.1407	0.0366	0.0000	0.0000	0.0000	0.0000	0.0000	0.0000	0.0000	0.0000	
2	0.0299	0.2884	0.2998	0.1908	0.1188	0.0324	0.0129	0.0269	0.0000	0.0000	0.0000	0.0000	0.0000	0.0000	0.0000	0.0000	
3	0.4656	0.1267	0.0084	0.2001	0.0094	0.1062	0.0552	0.0284	0.0000	0.0000	0.0000	0.0000	0.0000	0.0000	0.0000	0.0000	
4	0.0385	0.0456	0.0189	0.2119	0.0650	0.1982	0.1866	0.2353	0.0000	0.0000	0.0000	0.0000	0.0000	0.0000	0.0000	0.0000	
5	0.0137	0.0210	0.2324	0.0302	0.2777	0.1084	0.1672	0.1494	0.0000	0.0000	0.0000	0.0000	0.0000	0.0000	0.0000	0.0000	
6	0.1720	0.1146	0.0291	0.1044	0.1421	0.0880	0.2257	0.1241	0.0000	0.0000	0.0000	0.0000	0.0000	0.0000	0.0000	0.0000	
7	0.0266	0.1239	0.0793	0.0154	0.1539	0.1782	0.1712	0.2514	0.0000	0.0000	0.0000	0.0000	0.0000	0.0000	0.0000	0.0000	
8	0.0000	0.0000	0.0000	0.0000	0.0000	0.0000	0.0000	0.0000	0.0109	0.3001	0.1330	0.0120	0.0357	0.3198	0.0950	0.0934	
9	0.0000	0.0000	0.0000	0.0000	0.0000	0.0000	0.0000	0.0000	0.1842	0.0382	0.3903	0.0439	0.0721	0.0940	0.0788	0.0985	
10	0.0000	0.0000	0.0000	0.0000	0.0000	0.0000	0.0000	0.0000	0.2411	0.0772	0.0453	0.4454	0.0158	0.1354	0.0359	0.0040	
11	0.0000	0.0000	0.0000	0.0000	0.0000	0.0000	0.0000	0.0000	0.4356	0.1567	0.0763	0.1322	0.0889	0.0267	0.0611	0.0225	
12	0.0000	0.0000	0.0000	0.0000	0.0000	0.0000	0.0000	0.0000	0.0017	0.0824	0.0573	0.1735	0.0578	0.2054	0.0057	0.4163	
13	0.0000	0.0000	0.0000	0.0000	0.0000	0.0000	0.0000	0.0000	0.0178	0.0169	0.2151	0.0475	0.3661	0.0200	0.2785	0.0381	
14	0.0000	0.0000	0.0000	0.0000	0.0000	0.0000	0.0000	0.0000	0.0717	0.2148	0.0516	0.0820	0.1592	0.0709	0.2076	0.1421	
15	0.0000	0.0000	0.0000	0.0000	0.0000	0.0000	0.0000	0.0000	0.0370	0.1136	0.0311	0.0636	0.2044	0.1278	0.2374	0.1852	
-0.155556	-0.103928	
0	0.2137	0.1026	0.0804	0.0645	0.0852	0.2644	0.0405	0.1488	0.0000	0.0000	0.0000	0.0000	0.0000	0.0000	0.0000	0.0000	
1	0.0430	0.1811	0.2516	0.1828	0.1438	0.0193	0.1418	0.0367	0.0000	0.0000	0.0000	0.0000	0.0000	0.0000	0.0000	0.0000	
2	0.0305	0.2850	0.3005	0.1913	0.1213	0.0334	0.0134	0.0246	0.0000	0.0000	0.0000	0.0000	0.0000	0.0000	0.0000	0.0000	
3	0.4635	0.1281	0.0085	0.2005	0.0091	0.1080	0.0533	0.0290	0.0000	0.0000	0.0000	0.0000	0.0000	0.0000	0.0000	0.0000	
4	0.0377	0.0459	0.0181	0.2102	0.0643	0.1975	0.1895	0.2368	0.0000	0.0000	0.0000	0.0000	0.0000	0.0000	0.0000	0.0000	
5	0.0141	0.0204	0.2323	0.0301	0.2747	0.1065	0.1693	0.1525	0.0000	0.0000	0.0000	0.0000	0.0000	0.0000	0.0000	0.0000	
6	0.1734	0.1112	0.0311	0.1039	0.1460	0.0879	0.2253	0.1212	0.0000	0.0000	0.0000	0.0000	0.0000	0.0000	0.0000	0.0000	
7	0.0241	0.1258	0.0775	0.0166	0.1556	0.1830	0.1670	0.2504	0.0000	0.0000	0.0000	0.0000	0.0000	0.0000	0.0000	0.0000	
8	0.0000	0.0000	0.0000	0.0000	0.0000	0.0000	0.0000	0.0000	0.0102	0.3060	0.1334	0.0115	0.0343	0.3153	0.0946	0.0946	
9	0.0000	0.0000	0.0000	0.0000	0.0000	0.0000	0.0000	0.0000	0.1847	0.0393	0.3922	0.0422	0.0701	0.0930	0.0805	0.0980	
10	0.0000	0.0000	0.0000	0.0000	0.0000	0.0000	0.0000	0.0000	0.2402	0.0754	0.0434	0.4484	0.0159	0.1388	0.0348	0.0031	
11	0.0000	0.0000	0.0000	0.0000	0.0000	0.0000	0.0000	0.0000	0.4384	0.1532	0.0766	0.1324	0.0894	0.0277	0.0615	0.0208	
12	0.0000	0.0000	0.0000	0.0000	0.0000	0.0000	0.0000	0.0000	0.0016	0.0820	0.0584	0.1699	0.0580	0.2038	0.0064	0.4199	
13	0.0000	0.0000	0.0000	0.0000	0.0000	0.0000	0.0000	0.0000	0.0174	0.0170	0.2149	0.0476	0.3608	0.0204	0.2825	0.0393	
14	0.0000	0.0000	0.0000	0.0000	0.0000	0.0000	0.0000	0.0000	0.0684	0.2162	0.0513	0.0838	0.1604	0.0736	0.2024	0.1441	
15	0.0000	0.0000	0.0000	0.0000	0.0000	0.0000	0.0000	0.0000	0.0391	0.1108	0.0300	0.0641	0.2112	0.1274	0.2373	0.1801	
-0.111111	-0.080768	
0	0.2155	0.1074	0.0841	0.0608	0.0837	0.2582	0.0404	0.1498	0.0000	0.0000	0.0000	0.0000	0.0000	0.0000	0.0000	0.0000	
1	0.0448	0.1813	0.2481	0.1866	0.1401	0.0191	0.1432	0.0368	0.0000	0.0000	0.0000	0.0000	0.0000	0.0000	0.0000	0.0000	
2	0.0313	0.2806	0.3011	0.1919	0.1245	0.0347	0.0140	0.0218	0.0000	0.0000	0.0000	0.0000	0.0000	0.0000	0.0000	0.0000	
3	0.4607	0.1298	0.0086	0.2009	0.0088	0.1103	0.0510	0.0300	0.0000	0.0000	0.0000	0.0000	0.0000	0.0000	0.0000	0.0000	
4	0.0368	0.0462	0.0170	0.2081	0.0634	0.1966	0.1930	0.2389	0.0000	0.0000	0.0000	0.0000	0.0000	0.0000	0.0000	0.0000	
5	0.0147	0.0195	0.2321	0.0301	0.2708	0.1040	0.1721	0.1565	0.0000	0.0000	0.0000	0.0000	0.0000	0.0000	0.0000	0.0000	
6	0.1752	0.1070	0.0337	0.1032	0.1510	0.0878	0.2246	0.1175	0.0000	0.0000	0.0000	0.0000	0.0000	0.0000	0.0000	0.0000	
7	0.0211	0.1282	0.0752	0.0184	0.1576	0.1892	0.1615	0.2487	0.0000	0.0000	0.0000	0.0000	0.0000	0.0000	0.0000	0.0000	
8	0.0000	0.0000	0.0000	0.0000	0.0000	0.0000	0.0000	0.0000	0.0094	0.3135	0.1339	0.0111	0.0325	0.3095	0.0941	0.0960	
9	0.0000	0.0000	0.0000	0.0000	0.0000	0.0000	0.0000	0.0000	0.1853	0.0408	0.3946	0.0400	0.0676	0.0917	0.0826	0.0974	
10	0.0000	0.0000	0.0000	0.0000	0.0000	0.0000	0.0000	0.0000	0.2389	0.0730	0.0409	0.4521	0.0160	0.1432	0.0335	0.0023	
11	0.0000	0.0000	0.0000	0.0000	0.0000	0.0000	0.0000	0.0000	0.4418	0.1487	0.0767	0.1328	0.0900	0.0290	0.0621	0.0189	
12	0.0000	0.0000	0.0000	0.0000	0.0000	0.0000	0.0000	0.0000	0.0014	0.0815	0.0597	0.1654	0.0582	0.2019	0.0075	0.4244	
13	0.0000	0.0000	0.0000	0.0000	0.0000	0.0000	0.0000	0.0000	0.0170	0.0172	0.2146	0.0477	0.3539	0.0210	0.2877	0.0409	
14	0.0000	0.0000	0.0000	0.0000	0.0000	0.0000	0.0000	0.0000	0.0643	0.2179	0.0507	0.0862	0.1618	0.0770	0.1956	0.1465	
15	0.0000	0.0000	0.0000	0.0000	0.0000	0.0000	0.0000	0.0000	0.0419	0.1073	0.0288	0.0648	0.2200	0.1268	0.2367	0.1735	
-0.066667	-0.052455	
0	0.2177	0.1133	0.0888	0.0565	0.0819	0.2508	0.0402	0.1508	0.0000	0.0000	0.0000	0.0000	0.0000	0.0000	0.0000	0.0000	
1	0.0471	0.1815	0.2438	0.1913	0.1356	0.0189	0.1448	0.0370	0.0000	0.0000	0.0000	0.0000	0.0000	0.0000	0.0000	0.0000	
2	0.0322	0.2751	0.3017	0.1926	0.1284	0.0362	0.0151	0.0186	0.0000	0.0000	0.0000	0.0000	0.0000	0.0000	0.0000	0.0000	
3	0.4569	0.1317	0.0088	0.2012	0.0084	0.1132	0.0484	0.0314	0.0000	0.0000	0.0000	0.0000	0.0000	0.0000	0.0000	0.0000	
4	0.0356	0.0466	0.0157	0.2054	0.0625	0.1954	0.1973	0.2416	0.0000	0.0000	0.0000	0.0000	0.0000	0.0000	0.0000	0.0000	
5	0.0154	0.0185	0.2318	0.0301	0.2659	0.1010	0.1759	0.1614	0.0000	0.0000	0.0000	0.0000	0.0000	0.0000	0.0000	0.0000	
6	0.1774	0.1021	0.0370	0.1023	0.1571	0.0876	0.2235	0.1129	0.0000	0.0000	0.0000	0.0000	0.0000	0.0000	0.0000	0.0000	
7	0.0177	0.1312	0.0724	0.0207	0.1600	0.1967	0.1547	0.2464	0.0000	0.0000	0.0000	0.0000	0.0000	0.0000	0.0000	0.0000	
8	0.0000	0.0000	0.0000	0.0000	0.0000	0.0000	0.0000	0.0000	0.0085	0.3225	0.1343	0.0110	0.0304	0.3023	0.0934	0.0976	
9	0.0000	0.0000	0.0000	0.0000	0.0000	0.0000	0.0000	0.0000	0.1857	0.0428	0.3977	0.0374	0.0645	0.0900	0.0854	0.0965	
10	0.0000	0.0000	0.0000	0.0000	0.0000	0.0000	0.0000	0.0000	0.2370	0.0703	0.0380	0.4563	0.0162	0.1484	0.0322	0.0016	
11	0.0000	0.0000	0.0000	0.0000	0.0000	0.0000	0.0000	0.0000	0.4457	0.1429	0.0768	0.1332	0.0911	0.0306	0.0630	0.0168	
12	0.0000	0.0000	0.0000	0.0000	0.0000	0.0000	0.0000	0.0000	0.0013	0.0809	0.0612	0.1598	0.0582	0.1997	0.0090	0.4298	
13	0.0000	0.0000	0.0000	0.0000	0.0000	0.0000	0.0000	0.0000	0.0164	0.0175	0.2143	0.0476	0.3452	0.0217	0.2942	0.0430	
14	0.0000	0.0000	0.0000	0.0000	0.0000	0.0000	0.0000	0.0000	0.0596	0.2199	0.0500	0.0893	0.1633	0.0814	0.1873	0.1492	
15	0.0000	0.0000	0.0000	0.0000	0.0000	0.0000	0.0000	0.0000	0.0457	0.1033	0.0277	0.0655	0.2309	0.1259	0.2355	0.1656	
-0.022222	-0.018844	
0	0.2200	0.1205	0.0945	0.0516	0.0798	0.2419	0.0400	0.1517	0.0000	0.0000	0.0000	0.0000	0.0000	0.0000	0.0000	0.0000	
1	0.0500	0.1815	0.2388	0.1969	0.1302	0.0188	0.1466	0.0372	0.0000	0.0000	0.0000	0.0000	0.0000	0.0000	0.0000	0.0000	
2	0.0332	0.2685	0.3020	0.1934	0.1331	0.0378	0.0167	0.0153	0.0000	0.0000	0.0000	0.0000	0.0000	0.0000	0.0000	0.0000	
3	0.4522	0.1336	0.0090	0.2012	0.0081	0.1169	0.0456	0.0333	0.0000	0.0000	0.0000	0.0000	0.0000	0.0000	0.0000	0.0000	
4	0.0342	0.0470	0.0142	0.2020	0.0614	0.1940	0.2021	0.2449	0.0000	0.0000	0.0000	0.0000	0.0000	0.0000	0.0000	0.0000	
5	0.0162	0.0173	0.2312	0.0302	0.2600	0.0975	0.1807	0.1670	0.0000	0.0000	0.0000	0.0000	0.0000	0.0000	0.0000	0.0000	
6	0.1801	0.0966	0.0412	0.1011	0.1645	0.0874	0.2217	0.1076	0.0000	0.0000	0.0000	0.0000	0.0000	0.0000	0.0000	0.0000	
7	0.0142	0.1350	0.0691	0.0237	0.1627	0.2057	0.1465	0.2430	0.0000	0.0000	0.0000	0.0000	0.0000	0.0000	0.0000	0.0000	
8	0.0000	0.0000	0.0000	0.0000	0.0000	0.0000	0.0000	0.0000	0.0077	0.3328	0.1348	0.0113	0.0280	0.2937	0.0924	0.0993	
9	0.0000	0.0000	0.0000	0.0000	0.0000	0.0000	0.0000	0.0000	0.1860	0.0455	0.4014	0.0343	0.0611	0.0879	0.0887	0.0952	
10	0.0000	0.0000	0.0000	0.0000	0.0000	0.0000	0.0000	0.0000	0.2344	0.0672	0.0347	0.4607	0.0165	0.1545	0.0308	0.0012	
11	0.0000	0.0000	0.0000	0.0000	0.0000	0.0000	0.0000	0.0000	0.4500	0.1358	0.0766	0.1336	0.0926	0.0324	0.0644	0.0145	
12	0.0000	0.0000	0.0000	0.0000	0.0000	0.0000	0.0000	0.0000	0.0013	0.0800	0.0630	0.1532	0.0582	0.1973	0.0112	0.4359	
13	0.0000	0.0000	0.0000	0.0000	0.0000	0.0000	0.0000	0.0000	0.0157	0.0178	0.2139	0.0474	0.3348	0.0228	0.3020	0.0456	
14	0.0000	0.0000	0.0000	0.0000	0.0000	0.0000	0.0000	0.0000	0.0545	0.2222	0.0490	0.0933	0.1650	0.0869	0.1772	0.1520	
15	0.0000	0.0000	0.0000	0.0000	0.0000	0.0000	0.0000	0.0000	0.0506	0.0987	0.0266	0.0662	0.2439	0.1245	0.2332	0.1563	
0.022222	0.020234	
0	0.2224	0.1289	0.1013	0.0461	0.0775	0.2316	0.0396	0.1525	0.0000	0.0000	0.0000	0.0000	0.0000	0.0000	0.0000	0.0000	
1	0.0537	0.1813	0.2330	0.2035	0.1240	0.0186	0.1485	0.0375	0.0000	0.0000	0.0000	0.0000	0.0000	0.0000	0.0000	0.0000	
2	0.0341	0.2606	0.3020	0.1942	0.1386	0.0395	0.0191	0.0118	0.0000	0.0000	0.0000	0.0000	0.0000	0.0000	0.0000	0.0000	
3	0.4462	0.1356	0.0093	0.2009	0.0079	0.1213	0.0428	0.0361	0.0000	0.0000	0.0000	0.0000	0.0000	0.0000	0.0000	0.0000	
4	0.0326	0.0475	0.0126	0.1979	0.0604	0.1924	0.2074	0.2492	0.0000	0.0000	0.0000	0.0000	0.0000	0.0000	0.0000	0.0000	
5	0.0170	0.0160	0.2302	0.0303	0.2530	0.0935	0.1867	0.1733	0.0000	0.0000	0.0000	0.0000	0.0000	0.0000	0.0000	0.0000	
6	0.1832	0.0906	0.0463	0.0995	0.1731	0.0870	0.2189	0.1014	0.0000	0.0000	0.0000	0.0000	0.0000	0.0000	0.0000	0.0000	
7	0.0108	0.1396	0.0652	0.0276	0.1656	0.2161	0.1368	0.2383	0.0000	0.0000	0.0000	0.0000	0.0000	0.0000	0.0000	0.0000	
8	0.0000	0.0000	0.0000	0.0000	0.0000	0.0000	0.0000	0.0000	0.0069	0.3444	0.1351	0.0124	0.0253	0.2838	0.0912	0.1009	
9	0.0000	0.0000	0.0000	0.0000	0.0000	0.0000	0.0000	0.0000	0.1860	0.0489	0.4057	0.0308	0.0572	0.0854	0.0927	0.0934	
10	0.0000	0.0000	0.0000	0.0000	0.0000	0.0000	0.0000	0.0000	0.2309	0.0639	0.0310	0.4652	0.0169	0.1612	0.0296	0.0013	
11	0.0000	0.0000	0.0000	0.0000	0.0000	0.0000	0.0000	0.0000	0.4544	0.1274	0.0761	0.1341	0.0947	0.0345	0.0665	0.0124	
12	0.0000	0.0000	0.0000	0.0000	0.0000	0.0000	0.0000	0.0000	0.0012	0.0789	0.0649	0.1456	0.0579	0.1949	0.0140	0.4426	
13	0.0000	0.0000	0.0000	0.0000	0.0000	0.0000	0.0000	0.0000	0.0148	0.0182	0.2136	0.0469	0.3225	0.0241	0.3111	0.0489	
14	0.0000	0.0000	0.0000	0.0000	0.0000	0.0000	0.0000	0.0000	0.0492	0.2247	0.0477	0.0982	0.1665	0.0935	0.1654	0.1549	
15	0.0000	0.0000	0.0000	0.0000	0.0000	0.0000	0.0000	0.0000	0.0567	0.0937	0.0260	0.0668	0.2590	0.1227	0.2295	0.1456	
0.066667	0.064972	
0	0.2248	0.1387	0.1094	0.0403	0.0748	0.2200	0.0391	0.1529	0.0000	0.0000	0.0000	0.0000	0.0000	0.0000	0.0000	0.0000	
1	0.0581	0.1807	0.2264	0.2112	0.1169	0.0184	0.1505	0.0378	0.0000	0.0000	0.0000	0.0000	0.0000	0.0000	0.0000	0.0000	
2	0.0350	0.2516	0.3013	0.1950	0.1447	0.0412	0.0226	0.0085	0.0000	0.0000	0.0000	0.0000	0.0000	0.0000	0.0000	0.0000	
3	0.4388	0.1373	0.0098	0.2000	0.0079	0.1264	0.0400	0.0398	0.0000	0.0000	0.0000	0.0000	0.0000	0.0000	0.0000	0.0000	
4	0.0309	0.0479	0.0109	0.1930	0.0594	0.1905	0.2131	0.2543	0.0000	0.0000	0.0000	0.0000	0.0000	0.0000	0.0000	0.0000	
5	0.0179	0.0145	0.2288	0.0305	0.2448	0.0891	0.1941	0.1802	0.0000	0.0000	0.0000	0.0000	0.0000	0.0000	0.0000	0.0000	
6	0.1869	0.0843	0.0525	0.0976	0.1829	0.0864	0.2150	0.0944	0.0000	0.0000	0.0000	0.0000	0.0000	0.0000	0.0000	0.0000	
7	0.0077	0.1450	0.0608	0.0324	0.1685	0.2279	0.1256	0.2320	0.0000	0.0000	0.0000	0.0000	0.0000	0.0000	0.0000	0.0000	
8	0.0000	0.0000	0.0000	0.0000	0.0000	0.0000	0.0000	0.0000	0.0064	0.3571	0.1352	0.0144	0.0225	0.2724	0.0896	0.1024	
9	0.0000	0.0000	0.0000	0.0000	0.0000	0.0000	0.0000	0.0000	0.1855	0.0533	0.4106	0.0270	0.0529	0.0824	0.0973	0.0910	
10	0.0000	0.0000	0.0000	0.0000	0.0000	0.0000	0.0000	0.0000	0.2263	0.0602	0.0271	0.4693	0.0174	0.1686	0.0287	0.0024	
11	0.0000	0.0000	0.0000	0.0000	0.0000	0.0000	0.0000	0.0000	0.4586	0.1175	0.0750	0.1347	0.0976	0.0368	0.0693	0.0105	
12	0.0000	0.0000	0.0000	0.0000	0.0000	0.0000	0.0000	0.0000	0.0013	0.0775	0.0669	0.1370	0.0573	0.1926	0.0179	0.4495	
13	0.0000	0.0000	0.0000	0.0000	0.0000	0.0000	0.0000	0.0000	0.0137	0.0187	0.2133	0.0461	0.3083	0.0257	0.3214	0.0529	
14	0.0000	0.0000	0.0000	0.0000	0.0000	0.0000	0.0000	0.0000	0.0439	0.2273	0.0460	0.1041	0.1679	0.1014	0.1519	0.1575	
15	0.0000	0.0000	0.0000	0.0000	0.0000	0.0000	0.0000	0.0000	0.0642	0.0884	0.0259	0.0673	0.2763	0.1201	0.2239	0.1338	
0.111111	0.115596	
0	0.2270	0.1500	0.1187	0.0341	0.0720	0.2071	0.0384	0.1527	0.0000	0.0000	0.0000	0.0000	0.0000	0.0000	0.0000	0.0000	
1	0.0635	0.1797	0.2192	0.2200	0.1089	0.0183	0.1523	0.0382	0.0000	0.0000	0.0000	0.0000	0.0000	0.0000	0.0000	0.0000	
2	0.0356	0.2413	0.2999	0.1958	0.1514	0.0428	0.0276	0.0056	0.0000	0.0000	0.0000	0.0000	0.0000	0.0000	0.0000	0.0000	
3	0.4298	0.1387	0.0103	0.1984	0.0080	0.1324	0.0374	0.0450	0.0000	0.0000	0.0000	0.0000	0.0000	0.0000	0.0000	0.0000	
4	0.0290	0.0482	0.0092	0.1871	0.0587	0.1883	0.2189	0.2605	0.0000	0.0000	0.0000	0.0000	0.0000	0.0000	0.0000	0.0000	
5	0.0188	0.0129	0.2268	0.0310	0.2355	0.0845	0.2030	0.1874	0.0000	0.0000	0.0000	0.0000	0.0000	0.0000	0.0000	0.0000	
6	0.1912	0.0778	0.0599	0.0951	0.1941	0.0856	0.2095	0.0868	0.0000	0.0000	0.0000	0.0000	0.0000	0.0000	0.0000	0.0000	
7	0.0051	0.1515	0.0559	0.0385	0.1713	0.2410	0.1129	0.2238	0.0000	0.0000	0.0000	0.0000	0.0000	0.0000	0.0000	0.0000	
8	0.0000	0.0000	0.0000	0.0000	0.0000	0.0000	0.0000	0.0000	0.0064	0.3705	0.1352	0.0177	0.0195	0.2596	0.0875	0.1036	
9	0.0000	0.0000	0.0000	0.0000	0.0000	0.0000	0.0000	0.0000	0.1843	0.0588	0.4162	0.0230	0.0483	0.0790	0.1027	0.0878	
10	0.0000	0.0000	0.0000	0.0000	0.0000	0.0000	0.0000	0.0000	0.2205	0.0564	0.0230	0.4727	0.0180	0.1763	0.0283	0.0049	
11	0.0000	0.0000	0.0000	0.0000	0.0000	0.0000	0.0000	0.0000	0.4624	0.1062	0.0733	0.1354	0.1013	0.0391	0.0733	0.0090	
12	0.0000	0.0000	0.0000	0.0000	0.0000	0.0000	0.0000	0.0000	0.0014	0.0758	0.0689	0.1275	0.0564	0.1906	0.0229	0.4565	
13	0.0000	0.0000	0.0000	0.0000	0.0000	0.0000	0.0000	0.0000	0.0125	0.0192	0.2130	0.0448	0.2923	0.0278	0.3326	0.0578	
14	0.0000	0.0000	0.0000	0.0000	0.0000	0.0000	0.0000	0.0000	0.0391	0.2299	0.0438	0.1112	0.1689	0.1108	0.1368	0.1595	
15	0.0000	0.0000	0.0000	0.0000	0.0000	0.0000	0.0000	0.0000	0.0735	0.0831	0.0267	0.0677	0.2955	0.1169	0.2158	0.1209	
0.155556	0.172359	
0	0.2287	0.1626	0.1296	0.0280	0.0689	0.1929	0.0375	0.1518	0.0000	0.0000	0.0000	0.0000	0.0000	0.0000	0.0000	0.0000	
1	0.0699	0.1780	0.2113	0.2299	0.1002	0.0182	0.1539	0.0386	0.0000	0.0000	0.0000	0.0000	0.0000	0.0000	0.0000	0.0000	
2	0.0360	0.2299	0.2974	0.1964	0.1586	0.0442	0.0345	0.0031	0.0000	0.0000	0.0000	0.0000	0.0000	0.0000	0.0000	0.0000	
3	0.4191	0.1395	0.0110	0.1960	0.0084	0.1391	0.0350	0.0519	0.0000	0.0000	0.0000	0.0000	0.0000	0.0000	0.0000	0.0000	
4	0.0271	0.0484	0.0076	0.1802	0.0584	0.1860	0.2244	0.2680	0.0000	0.0000	0.0000	0.0000	0.0000	0.0000	0.0000	0.0000	
5	0.0196	0.0113	0.2241	0.0316	0.2252	0.0799	0.2136	0.1947	0.0000	0.0000	0.0000	0.0000	0.0000	0.0000	0.0000	0.0000	
6	0.1961	0.0713	0.0687	0.0922	0.2066	0.0844	0.2022	0.0785	0.0000	0.0000	0.0000	0.0000	0.0000	0.0000	0.0000	0.0000	
7	0.0035	0.1591	0.0504	0.0458	0.1737	0.2554	0.0989	0.2134	0.0000	0.0000	0.0000	0.0000	0.0000	0.0000	0.0000	0.0000	
8	0.0000	0.0000	0.0000	0.0000	0.0000	0.0000	0.0000	0.0000	0.0069	0.3844	0.1349	0.0226	0.0164	0.2454	0.0850	0.1043	
9	0.0000	0.0000	0.0000	0.0000	0.0000	0.0000	0.0000	0.0000	0.1823	0.0656	0.4222	0.0189	0.0434	0.0750	0.1088	0.0837	
10	0.0000	0.0000	0.0000	0.0000	0.0000	0.0000	0.0000	0.0000	0.2133	0.0525	0.0189	0.4748	0.0189	0.1839	0.0283	0.0093	
11	0.0000	0.0000	0.0000	0.0000	0.0000	0.0000	0.0000	0.0000	0.4651	0.0936	0.0707	0.1362	0.1059	0.0415	0.0788	0.0081	
12	0.0000	0.0000	0.0000	0.0000	0.0000	0.0000	0.0000	0.0000	0.0016	0.0738	0.0708	0.1170	0.0551	0.1893	0.0295	0.4629	
13	0.0000	0.0000	0.0000	0.0000	0.0000	0.0000	0.0000	0.0000	0.0111	0.0198	0.2127	0.0430	0.2748	0.0303	0.3445	0.0638	
14	0.0000	0.0000	0.0000	0.0000	0.0000	0.0000	0.0000	0.0000	0.0350	0.2324	0.0412	0.1196	0.1692	0.1218	0.1203	0.1604	
15	0.0000	0.0000	0.0000	0.0000	0.0000	0.0000	0.0000	0.0000	0.0846	0.0779	0.0286	0.0677	0.3163	0.1128	0.2047	0.1075	
0.200000	0.235550	
0	0.2299	0.1768	0.1420	0.0219	0.0657	0.1776	0.0362	0.1500	0.0000	0.0000	0.0000	0.0000	0.0000	0.0000	0.0000	0.0000	
1	0.0775	0.1756	0.2028	0.2409	0.0908	0.0182	0.1551	0.0391	0.0000	0.0000	0.0000	0.0000	0.0000	0.0000	0.0000	0.0000	
2	0.0359	0.2174	0.2936	0.1968	0.1660	0.0452	0.0438	0.0014	0.0000	0.0000	0.0000	0.0000	0.0000	0.0000	0.0000	0.0000	
3	0.4067	0.1394	0.0118	0.1924	0.0092	0.1463	0.0331	0.0612	0.0000	0.0000	0.0000	0.0000	0.0000	0.0000	0.0000	0.0000	
4	0.0251	0.0484	0.0061	0.1722	0.0589	0.1835	0.2293	0.2766	0.0000	0.0000	0.0000	0.0000	0.0000	0.0000	0.0000	0.0000	
5	0.0203	0.0097	0.2205	0.0325	0.2140	0.0755	0.2259	0.2016	0.0000	0.0000	0.0000	0.0000	0.0000	0.0000	0.0000	0.0000	
6	0.2017	0.0650	0.0788	0.0886	0.2203	0.0829	0.1928	0.0698	0.0000	0.0000	0.0000	0.0000	0.0000	0.0000	0.0000	0.0000	
7	0.0030	0.1679	0.0445	0.0547	0.1752	0.2707	0.0837	0.2003	0.0000	0.0000	0.0000	0.0000	0.0000	0.0000	0.0000	0.0000	
8	0.0000	0.0000	0.0000	0.0000	0.0000	0.0000	0.0000	0.0000	0.0083	0.3983	0.1346	0.0293	0.0134	0.2299	0.0820	0.1042	
9	0.0000	0.0000	0.0000	0.0000	0.0000	0.0000	0.0000	0.0000	0.1793	0.0738	0.4285	0.0153	0.0384	0.0706	0.1156	0.0786	
10	0.0000	0.0000	0.0000	0.0000	0.0000	0.0000	0.0000	0.0000	0.2048	0.0485	0.0151	0.4752	0.0202	0.1910	0.0291	0.0161	
11	0.0000	0.0000	0.0000	0.0000	0.0000	0.0000	0.0000	0.0000	0.4661	0.0799	0.0670	0.1371	0.1115	0.0439	0.0862	0.0081	
12	0.0000	0.0000	0.0000	0.0000	0.0000	0.0000	0.0000	0.0000	0.0018	0.0716	0.0724	0.1059	0.0535	0.1889	0.0377	0.4683	
13	0.0000	0.0000	0.0000	0.0000	0.0000	0.0000	0.0000	0.0000	0.0097	0.0203	0.2124	0.0406	0.2562	0.0333	0.3563	0.0712	
14	0.0000	0.0000	0.0000	0.0000	0.0000	0.0000	0.0000	0.0000	0.0322	0.2345	0.0381	0.1293	0.1687	0.1345	0.1029	0.1598	
15	0.0000	0.0000	0.0000	0.0000	0.0000	0.0000	0.0000	0.0000	0.0978	0.0731	0.0318	0.0673	0.3381	0.1079	0.1903	0.0937	
-0.200000	0.011297	
0	0.2219	0.1270	0.0997	0.0473	0.0780	0.2340	0.0397	0.1523	0.0000	0.0000	0.0000	0.0000	0.0000	0.0000	0.0000	0.0000	
1	0.0528	0.1813	0.2343	0.2020	0.1254	0.0186	0.1481	0.0374	0.0000	0.0000	0.0000	0.0000	0.0000	0.0000	0.0000	0.0000	
2	0.0339	0.2624	0.3020	0.1940	0.1373	0.0392	0.0185	0.0126	0.0000	0.0000	0.0000	0.0000	0.0000	0.0000	0.0000	0.0000	
3	0.4476	0.1352	0.0093	0.2010	0.0080	0.1203	0.0434	0.0354	0.0000	0.0000	0.0000	0.0000	0.0000	0.0000	0.0000	0.0000	
4	0.0330	0.0474	0.0130	0.1989	0.0606	0.1928	0.2063	0.2482	0.0000	0.0000	0.0000	0.0000	0.0000	0.0000	0.0000	0.0000	
5	0.0168	0.0163	0.2304	0.0302	0.2546	0.0944	0.1853	0.1719	0.0000	0.0000	0.0000	0.0000	0.0000	0.0000	0.0000	0.0000	
6	0.1825	0.0919	0.0451	0.0999	0.1711	0.0871	0.2196	0.1028	0.0000	0.0000	0.0000	0.0000	0.0000	0.0000	0.0000	0.0000	
7	0.0115	0.1385	0.0661	0.0267	0.1650	0.2137	0.1391	0.2395	0.0000	0.0000	0.0000	0.0000	0.0000	0.0000	0.0000	0.0000	
8	0.0000	0.0000	0.0000	0.0000	0.0000	0.0000	0.0000	0.0000	0.0071	0.3418	0.1350	0.0121	0.0259	0.2861	0.0915	0.1006	
9	0.0000	0.0000	0.0000	0.0000	0.0000	0.0000	0.0000	0.0000	0.1860	0.0481	0.4047	0.0316	0.0580	0.0860	0.0918	0.0938	
10	0.0000	0.0000	0.0000	0.0000	0.0000	0.0000	0.0000	0.0000	0.2317	0.0646	0.0318	0.4642	0.0168	0.1597	0.0299	0.0012	
11	0.0000	0.0000	0.0000	0.0000	0.0000	0.0000	0.0000	0.0000	0.4534	0.1293	0.0762	0.1340	0.0942	0.0340	0.0660	0.0128	
12	0.0000	0.0000	0.0000	0.0000	0.0000	0.0000	0.0000	0.0000	0.0012	0.0791	0.0645	0.1474	0.0580	0.1954	0.0133	0.4411	
13	0.0000	0.0000	0.0000	0.0000	0.0000	0.0000	0.0000	0.0000	0.0150	0.0181	0.2137	0.0470	0.3253	0.0238	0.3090	0.0481	
14	0.0000	0.0000	0.0000	0.0000	0.0000	0.0000	0.0000	0.0000	0.0503	0.2241	0.0480	0.0970	0.1662	0.0919	0.1681	0.1543	
15	0.0000	0.0000	0.0000	0.0000	0.0000	0.0000	0.0000	0.0000	0.0552	0.0948	0.0261	0.0667	0.2556	0.1231	0.2305	0.1480	
-0.155556	0.008732	
0	0.2218	0.1264	0.0993	0.0477	0.0782	0.2346	0.0397	0.1523	0.0000	0.0000	0.0000	0.0000	0.0000	0.0000	0.0000	0.0000	
1	0.0526	0.1814	0.2347	0.2016	0.1258	0.0186	0.1480	0.0374	0.0000	0.0000	0.0000	0.0000	0.0000	0.0000	0.0000	0.0000	
2	0.0338	0.2629	0.3020	0.1940	0.1370	0.0391	0.0184	0.0128	0.0000	0.0000	0.0000	0.0000	0.0000	0.0000	0.0000	0.0000	
3	0.4480	0.1350	0.0092	0.2010	0.0080	0.1200	0.0436	0.0352	0.0000	0.0000	0.0000	0.0000	0.0000	0.0000	0.0000	0.0000	
4	0.0331	0.0473	0.0131	0.1991	0.0607	0.1929	0.2059	0.2479	0.0000	0.0000	0.0000	0.0000	0.0000	0.0000	0.0000	0.0000	
5	0.0168	0.0164	0.2305	0.0302	0.2551	0.0947	0.1849	0.1714	0.0000	0.0000	0.0000	0.0000	0.0000	0.0000	0.0000	0.0000	
6	0.1823	0.0923	0.0448	0.1000	0.1705	0.0871	0.2198	0.1032	0.0000	0.0000	0.0000	0.0000	0.0000	0.0000	0.0000	0.0000	
7	0.0117	0.1382	0.0663	0.0264	0.1648	0.2130	0.1397	0.2398	0.0000	0.0000	0.0000	0.0000	0.0000	0.0000	0.0000	0.0000	
8	0.0000	0.0000	0.0000	0.0000	0.0000	0.0000	0.0000	0.0000	0.0071	0.3411	0.1350	0.0120	0.0261	0.2867	0.0916	0.1005	
9	0.0000	0.0000	0.0000	0.0000	0.0000	0.0000	0.0000	0.0000	0.1860	0.0479	0.4044	0.0318	0.0583	0.0861	0.0915	0.0939	
10	0.0000	0.0000	0.0000	0.0000	0.0000	0.0000	0.0000	0.0000	0.2319	0.0648	0.0321	0.4640	0.0168	0.1593	0.0299	0.0012	
11	0.0000	0.0000	0.0000	0.0000	0.0000	0.0000	0.0000	0.0000	0.4531	0.1299	0.0763	0.1340	0.0941	0.0339	0.0658	0.0130	
12	0.0000	0.0000	0.0000	0.0000	0.0000	0.0000	0.0000	0.0000	0.0012	0.0792	0.0644	0.1479	0.0580	0.1955	0.0131	0.4407	
13	0.0000	0.0000	0.0000	0.0000	0.0000	0.0000	0.0000	0.0000	0.0150	0.0181	0.2137	0.0471	0.3261	0.0237	0.3084	0.0479	
14	0.0000	0.0000	0.0000	0.0000	0.0000	0.0000	0.0000	0.0000	0.0507	0.2239	0.0481	0.0967	0.1661	0.0915	0.1689	0.1541	
15	0.0000	0.0000	0.0000	0.0000	0.0000	0.0000	0.0000	0.0000	0.0548	0.0951	0.0261	0.0666	0.2546	0.1233	0.2307	0.1487	
-0.111111	0.006198	
0	0.2216	0.1259	0.0988	0.0480	0.0783	0.2353	0.0398	0.1522	0.0000	0.0000	0.0000	0.0000	0.0000	0.0000	0.0000	0.0000	
1	0.0523	0.1814	0.2351	0.2011	0.1262	0.0187	0.1479	0.0374	0.0000	0.0000	0.0000	0.0000	0.0000	0.0000	0.0000	0.0000	
2	0.0338	0.2635	0.3021	0.1939	0.1366	0.0390	0.0182	0.0130	0.0000	0.0000	0.0000	0.0000	0.0000	0.0000	0.0000	0.0000	
3	0.4484	0.1349	0.0092	0.2010	0.0080	0.1197	0.0438	0.0350	0.0000	0.0000	0.0000	0.0000	0.0000	0.0000	0.0000	0.0000	
4	0.0332	0.0473	0.0132	0.1994	0.0607	0.1930	0.2056	0.2476	0.0000	0.0000	0.0000	0.0000	0.0000	0.0000	0.0000	0.0000	
5	0.0167	0.0165	0.2306	0.0302	0.2555	0.0949	0.1845	0.1710	0.0000	0.0000	0.0000	0.0000	0.0000	0.0000	0.0000	0.0000	
6	0.1821	0.0927	0.0445	0.1001	0.1700	0.0871	0.2200	0.1036	0.0000	0.0000	0.0000	0.0000	0.0000	0.0000	0.0000	0.0000	
7	0.0119	0.1379	0.0666	0.0262	0.1646	0.2124	0.1403	0.2401	0.0000	0.0000	0.0000	0.0000	0.0000	0.0000	0.0000	0.0000	
8	0.0000	0.0000	0.0000	0.0000	0.0000	0.0000	0.0000	0.0000	0.0072	0.3403	0.1350	0.0119	0.0263	0.2874	0.0916	0.1004	
9	0.0000	0.0000	0.0000	0.0000	0.0000	0.0000	0.0000	0.0000	0.1861	0.0476	0.4041	0.0321	0.0585	0.0863	0.0912	0.0940	
10	0.0000	0.0000	0.0000	0.0000	0.0000	0.0000	0.0000	0.0000	0.2322	0.0651	0.0323	0.4637	0.0167	0.1588	0.0300	0.0012	
11	0.0000	0.0000	0.0000	0.0000	0.0000	0.0000	0.0000	0.0000	0.4529	0.1304	0.0763	0.1339	0.0939	0.0338	0.0657	0.0131	
12	0.0000	0.0000	0.0000	0.0000	0.0000	0.0000	0.0000	0.0000	0.0012	0.0793	0.0642	0.1484	0.0580	0.1957	0.0129	0.4402	
13	0.0000	0.0000	0.0000	0.0000	0.0000	0.0000	0.0000	0.0000	0.0151	0.0181	0.2137	0.0471	0.3269	0.0236	0.3078	0.0477	
14	0.0000	0.0000	0.0000	0.0000	0.0000	0.0000	0.0000	0.0000	0.0510	0.2238	0.0482	0.0964	0.1660	0.0911	0.1696	0.1540	
15	0.0000	0.0000	0.0000	0.0000	0.0000	0.0000	0.0000	0.0000	0.0544	0.0954	0.0261	0.0666	0.2536	0.1234	0.2310	0.1494	
-0.066667	0.003695	
0	0.2214	0.1253	0.0984	0.0484	0.0785	0.2360	0.0398	0.1522	0.0000	0.0000	0.0000	0.0000	0.0000	0.0000	0.0000	0.0000	
1	0.0521	0.1814	0.2354	0.2007	0.1266	0.0187	0.1478	0.0374	0.0000	0.0000	0.0000	0.0000	0.0000	0.0000	0.0000	0.0000	
2	0.0337	0.2640	0.3021	0.1939	0.1363	0.0388	0.0180	0.0132	0.0000	0.0000	0.0000	0.0000	0.0000	0.0000	0.0000	0.0000	
3	0.4487	0.1348	0.0092	0.2011	0.0080	0.1194	0.0439	0.0348	0.0000	0.0000	0.0000	0.0000	0.0000	0.0000	0.0000	0.0000	
4	0.0333	0.0473	0.0133	0.1997	0.0608	0.1931	0.2052	0.2473	0.0000	0.0000	0.0000	0.0000	0.0000	0.0000	0.0000	0.0000	
5	0.0167	0.0165	0.2306	0.0302	0.2560	0.0952	0.1841	0.1706	0.0000	0.0000	0.0000	0.0000	0.0000	0.0000	0.0000	0.0000	
6	0.1819	0.0931	0.0441	0.1002	0.1694	0.0871	0.2202	0.1040	0.0000	0.0000	0.0000	0.0000	0.0000	0.0000	0.0000	0.0000	
7	0.0122	0.1376	0.0668	0.0259	0.1644	0.2117	0.1409	0.2404	0.0000	0.0000	0.0000	0.0000	0.0000	0.0000	0.0000	0.0000	
8	0.0000	0.0000	0.0000	0.0000	0.0000	0.0000	0.0000	0.0000	0.0072	0.3396	0.1349	0.0118	0.0264	0.2880	0.0917	0.1003	
9	0.0000	0.0000	0.0000	0.0000	0.0000	0.0000	0.0000	0.0000	0.1861	0.0474	0.4038	0.0323	0.0588	0.0865	0.0910	0.0942	
10	0.0000	0.0000	0.0000	0.0000	0.0000	0.0000	0.0000	0.0000	0.2324	0.0653	0.0325	0.4634	0.0167	0.1584	0.0301	0.0012	
11	0.0000	0.0000	0.0000	0.0000	0.0000	0.0000	0.0000	0.0000	0.4526	0.1310	0.0764	0.1339	0.0938	0.0336	0.0656	0.0132	
12	0.0000	0.0000	0.0000	0.0000	0.0000	0.0000	0.0000	0.0000	0.0012	0.0793	0.0641	0.1488	0.0580	0.1959	0.0128	0.4398	
13	0.0000	0.0000	0.0000	0.0000	0.0000	0.0000	0.0000	0.0000	0.0152	0.0180	0.2137	0.0471	0.3277	0.0235	0.3073	0.0475	
14	0.0000	0.0000	0.0000	0.0000	0.0000	0.0000	0.0000	0.0000	0.0513	0.2236	0.0483	0.0960	0.1659	0.0906	0.1704	0.1538	
15	0.0000	0.0000	0.0000	0.0000	0.0000	0.0000	0.0000	0.0000	0.0540	0.0957	0.0262	0.0666	0.2526	0.1235	0.2312	0.1501	
-0.022222	0.001224	
0	0.2213	0.1248	0.0980	0.0487	0.0786	0.2366	0.0398	0.1522	0.0000	0.0000	0.0000	0.0000	0.0000	0.0000	0.0000	0.0000	
1	0.0519	0.1814	0.2358	0.2003	0.1270	0.0187	0.1476	0.0374	0.0000	0.0000	0.0000	0.0000	0.0000	0.0000	0.0000	0.0000	
2	0.0337	0.2644	0.3021	0.1938	0.1359	0.0387	0.0179	0.0134	0.0000	0.0000	0.0000	0.0000	0.0000	0.0000	0.0000	0.0000	
3	0.4491	0.1347	0.0092	0.2011	0.0080	0.1191	0.0441	0.0347	0.0000	0.0000	0.0000	0.0000	0.0000	0.0000	0.0000	0.0000	
4	0.0334	0.0473	0.0134	0.1999	0.0609	0.1932	0.2049	0.2471	0.0000	0.0000	0.0000	0.0000	0.0000	0.0000	0.0000	0.0000	
5	0.0166	0.0166	0.2307	0.0302	0.2564	0.0955	0.1837	0.1702	0.0000	0.0000	0.0000	0.0000	0.0000	0.0000	0.0000	0.0000	
6	0.1817	0.0935	0.0438	0.1003	0.1689	0.0872	0.2203	0.1044	0.0000	0.0000	0.0000	0.0000	0.0000	0.0000	0.0000	0.0000	
7	0.0124	0.1373	0.0671	0.0257	0.1643	0.2110	0.1416	0.2407	0.0000	0.0000	0.0000	0.0000	0.0000	0.0000	0.0000	0.0000	
8	0.0000	0.0000	0.0000	0.0000	0.0000	0.0000	0.0000	0.0000	0.0073	0.3388	0.1349	0.0118	0.0266	0.2886	0.0918	0.1002	
9	0.0000	0.0000	0.0000	0.0000	0.0000	0.0000	0.0000	0.0000	0.1861	0.0472	0.4036	0.0325	0.0590	0.0866	0.0907	0.0943	
10	0.0000	0.0000	0.0000	0.0000	0.0000	0.0000	0.0000	0.0000	0.2326	0.0655	0.0328	0.4631	0.0167	0.1580	0.0302	0.0012	
11	0.0000	0.0000	0.0000	0.0000	0.0000	0.0000	0.0000	0.0000	0.4523	0.1315	0.0764	0.1339	0.0936	0.0335	0.0654	0.0134	
12	0.0000	0.0000	0.0000	0.0000	0.0000	0.0000	0.0000	0.0000	0.0012	0.0794	0.0640	0.1493	0.0580	0.1960	0.0126	0.4394	
13	0.0000	0.0000	0.0000	0.0000	0.0000	0.0000	0.0000	0.0000	0.0152	0.0180	0.2138	0.0472	0.3285	0.0234	0.3067	0.0473	
14	0.0000	0.0000	0.0000	0.0000	0.0000	0.0000	0.0000	0.0000	0.0517	0.2235	0.0484	0.0957	0.1658	0.0902	0.1711	0.1536	
15	0.0000	0.0000	0.0000	0.0000	0.0000	0.0000	0.0000	0.0000	0.0536	0.0961	0.0262	0.0665	0.2517	0.1236	0.2315	0.1508	
0.022222	-0.001216	
0	0.2211	0.1243	0.0975	0.0491	0.0788	0.2372	0.0398	0.1521	0.0000	0.0000	0.0000	0.0000	0.0000	0.0000	0.0000	0.0000	
1	0.0516	0.1814	0.2362	0.1999	0.1274	0.0187	0.1475	0.0373	0.0000	0.0000	0.0000	0.0000	0.0000	0.0000	0.0000	0.0000	
2	0.0336	0.2649	0.3021	0.1938	0.1356	0.0386	0.0177	0.0137	0.0000	0.0000	0.0000	0.0000	0.0000	0.0000	0.0000	0.0000	
3	0.4495	0.1345	0.0092	0.2011	0.0080	0.1188	0.0443	0.0345	0.0000	0.0000	0.0000	0.0000	0.0000	0.0000	0.0000	0.0000	
4	0.0335	0.0472	0.0135	0.2002	0.0609	0.1933	0.2046	0.2468	0.0000	0.0000	0.0000	0.0000	0.0000	0.0000	0.0000	0.0000	
5	0.0166	0.0167	0.2308	0.0302	0.2569	0.0957	0.1833	0.1698	0.0000	0.0000	0.0000	0.0000	0.0000	0.0000	0.0000	0.0000	
6	0.1815	0.0938	0.0435	0.1004	0.1684	0.0872	0.2205	0.1048	0.0000	0.0000	0.0000	0.0000	0.0000	0.0000	0.0000	0.0000	
7	0.0126	0.1370	0.0673	0.0254	0.1641	0.2104	0.1422	0.2410	0.0000	0.0000	0.0000	0.0000	0.0000	0.0000	0.0000	0.0000	
8	0.0000	0.0000	0.0000	0.0000	0.0000	0.0000	0.0000	0.0000	0.0073	0.3381	0.1349	0.0117	0.0268	0.2892	0.0919	0.1001	
9	0.0000	0.0000	0.0000	0.0000	0.0000	0.0000	0.0000	0.0000	0.1861	0.0470	0.4033	0.0327	0.0593	0.0868	0.0905	0.0944	
10	0.0000	0.0000	0.0000	0.0000	0.0000	0.0000	0.0000	0.0000	0.2328	0.0657	0.0330	0.4628	0.0167	0.1576	0.0302	0.0012	
11	0.0000	0.0000	0.0000	0.0000	0.0000	0.0000	0.0000	0.0000	0.4520	0.1320	0.0764	0.1338	0.0935	0.0334	0.0653	0.0135	
12	0.0000	0.0000	0.0000	0.0000	0.0000	0.0000	0.0000	0.0000	0.0012	0.0795	0.0639	0.1498	0.0581	0.1962	0.0124	0.4390	
13	0.0000	0.0000	0.0000	0.0000	0.0000	0.0000	0.0000	0.0000	0.0153	0.0180	0.2138	0.0472	0.3292	0.0233	0.3061	0.0471	
14	0.0000	0.0000	0.0000	0.0000	0.0000	0.0000	0.0000	0.0000	0.0520	0.2233	0.0484	0.0954	0.1657	0.0898	0.1719	0.1534	
15	0.0000	0.0000	0.0000	0.0000	0.0000	0.0000	0.0000	0.0000	0.0533	0.0964	0.0263	0.0665	0.2507	0.1237	0.2317	0.1514	
0.066667	-0.003625	
0	0.2210	0.1238	0.0971	0.0494	0.0789	0.2379	0.0399	0.1521	0.0000	0.0000	0.0000	0.0000	0.0000	0.0000	0.0000	0.0000	
1	0.0514	0.1814	0.2365	0.1995	0.1278	0.0187	0.1474	0.0373	0.0000	0.0000	0.0000	0.0000	0.0000	0.0000	0.0000	0.0000	
2	0.0335	0.2654	0.3021	0.1937	0.1352	0.0385	0.0176	0.0139	0.0000	0.0000	0.0000	0.0000	0.0000	0.0000	0.0000	0.0000	
3	0.4499	0.1344	0.0091	0.2011	0.0080	0.1186	0.0445	0.0343	0.0000	0.0000	0.0000	0.0000	0.0000	0.0000	0.0000	0.0000	
4	0.0336	0.0472	0.0136	0.2004	0.0610	0.1934	0.2042	0.2466	0.0000	0.0000	0.0000	0.0000	0.0000	0.0000	0.0000	0.0000	
5	0.0165	0.0168	0.2308	0.0302	0.2573	0.0960	0.1830	0.1695	0.0000	0.0000	0.0000	0.0000	0.0000	0.0000	0.0000	0.0000	
6	0.1813	0.0942	0.0432	0.1005	0.1678	0.0872	0.2207	0.1051	0.0000	0.0000	0.0000	0.0000	0.0000	0.0000	0.0000	0.0000	
7	0.0128	0.1368	0.0676	0.0252	0.1639	0.2098	0.1428	0.2413	0.0000	0.0000	0.0000	0.0000	0.0000	0.0000	0.0000	0.0000	
8	0.0000	0.0000	0.0000	0.0000	0.0000	0.0000	0.0000	0.0000	0.0073	0.3374	0.1349	0.0116	0.0269	0.2899	0.0920	0.1000	
9	0.0000	0.0000	0.0000	0.0000	0.0000	0.0000	0.0000	0.0000	0.1861	0.0468	0.4030	0.0329	0.0595	0.0869	0.0902	0.0945	
10	0.0000	0.0000	0.0000	0.0000	0.0000	0.0000	0.0000	0.0000	0.2331	0.0659	0.0332	0.4626	0.0166	0.1571	0.0303	0.0011	
11	0.0000	0.0000	0.0000	0.0000	0.0000	0.0000	0.0000	0.0000	0.4517	0.1326	0.0765	0.1338	0.0934	0.0332	0.0652	0.0136	
12	0.0000	0.0000	0.0000	0.0000	0.0000	0.0000	0.0000	0.0000	0.0012	0.0796	0.0638	0.1503	0.0581	0.1963	0.0122	0.4386	
13	0.0000	0.0000	0.0000	0.0000	0.0000	0.0000	0.0000	0.0000	0.0153	0.0180	0.2138	0.0472	0.3300	0.0233	0.3056	0.0469	
14	0.0000	0.0000	0.0000	0.0000	0.0000	0.0000	0.0000	0.0000	0.0523	0.2232	0.0485	0.0951	0.1656	0.0894	0.1726	0.1532	
15	0.0000	0.0000	0.0000	0.0000	0.0000	0.0000	0.0000	0.0000	0.0529	0.0967	0.0263	0.0664	0.2498	0.1238	0.2319	0.1521	
0.111111	-0.006003	
0	0.2208	0.1232	0.0967	0.0497	0.0791	0.2385	0.0399	0.1520	0.0000	0.0000	0.0000	0.0000	0.0000	0.0000	0.0000	0.0000	
1	0.0512	0.1814	0.2369	0.1991	0.1281	0.0187	0.1473	0.0373	0.0000	0.0000	0.0000	0.0000	0.0000	0.0000	0.0000	0.0000	
2	0.0335	0.2659	0.3021	0.1937	0.1349	0.0384	0.0175	0.0141	0.0000	0.0000	0.0000	0.0000	0.0000	0.0000	0.0000	0.0000	
3	0.4502	0.1343	0.0091	0.2011	0.0081	0.1183	0.0447	0.0342	0.0000	0.0000	0.0000	0.0000	0.0000	0.0000	0.0000	0.0000	
4	0.0337	0.0472	0.0137	0.2007	0.0611	0.1935	0.2039	0.2463	0.0000	0.0000	0.0000	0.0000	0.0000	0.0000	0.0000	0.0000	
5	0.0165	0.0169	0.2309	0.0302	0.2577	0.0962	0.1826	0.1691	0.0000	0.0000	0.0000	0.0000	0.0000	0.0000	0.0000	0.0000	
6	0.1811	0.0946	0.0429	0.1006	0.1673	0.0872	0.2208	0.1055	0.0000	0.0000	0.0000	0.0000	0.0000	0.0000	0.0000	0.0000	
7	0.0130	0.1365	0.0678	0.0250	0.1637	0.2091	0.1434	0.2415	0.0000	0.0000	0.0000	0.0000	0.0000	0.0000	0.0000	0.0000	
8	0.0000	0.0000	0.0000	0.0000	0.0000	0.0000	0.0000	0.0000	0.0074	0.3367	0.1349	0.0116	0.0271	0.2905	0.0920	0.0999	
9	0.0000	0.0000	0.0000	0.0000	0.0000	0.0000	0.0000	0.0000	0.1861	0.0466	0.4028	0.0331	0.0598	0.0871	0.0900	0.0946	
10	0.0000	0.0000	0.0000	0.0000	0.0000	0.0000	0.0000	0.0000	0.2333	0.0661	0.0335	0.4623	0.0166	0.1567	0.0304	0.0011	
11	0.0000	0.0000	0.0000	0.0000	0.0000	0.0000	0.0000	0.0000	0.4515	0.1331	0.0765	0.1338	0.0933	0.0331	0.0651	0.0138	
12	0.0000	0.0000	0.0000	0.0000	0.0000	0.0000	0.0000	0.0000	0.0012	0.0796	0.0636	0.1507	0.0581	0.1965	0.0121	0.4382	
13	0.0000	0.0000	0.0000	0.0000	0.0000	0.0000	0.0000	0.0000	0.0154	0.0179	0.2138	0.0472	0.3308	0.0232	0.3050	0.0467	
14	0.0000	0.0000	0.0000	0.0000	0.0000	0.0000	0.0000	0.0000	0.0527	0.2230	0.0486	0.0948	0.1655	0.0890	0.1733	0.1531	
15	0.0000	0.0000	0.0000	0.0000	0.0000	0.0000	0.0000	0.0000	0.0525	0.0970	0.0264	0.0664	0.2489	0.1240	0.2321	0.1527	
0.155556	-0.008350	
0	0.2207	0.1227	0.0963	0.0501	0.0792	0.2391	0.0399	0.1520	0.0000	0.0000	0.0000	0.0000	0.0000	0.0000	0.0000	0.0000	
1	0.0510	0.1814	0.2372	0.1987	0.1285	0.0187	0.1472	0.0373	0.0000	0.0000	0.0000	0.0000	0.0000	0.0000	0.0000	0.0000	
2	0.0334	0.2664	0.3021	0.1936	0.1346	0.0383	0.0173	0.0143	0.0000	0.0000	0.0000	0.0000	0.0000	0.0000	0.0000	0.0000	
3	0.4506	0.1342	0.0091	0.2012	0.0081	0.1181	0.0448	0.0340	0.0000	0.0000	0.0000	0.0000	0.0000	0.0000	0.0000	0.0000	
4	0.0338	0.0472	0.0138	0.2009	0.0611	0.1936	0.2036	0.2461	0.0000	0.0000	0.0000	0.0000	0.0000	0.0000	0.0000	0.0000	
5	0.0164	0.0170	0.2309	0.0302	0.2582	0.0964	0.1823	0.1687	0.0000	0.0000	0.0000	0.0000	0.0000	0.0000	0.0000	0.0000	
6	0.1809	0.0949	0.0426	0.1006	0.1668	0.0873	0.2210	0.1059	0.0000	0.0000	0.0000	0.0000	0.0000	0.0000	0.0000	0.0000	
7	0.0132	0.1362	0.0680	0.0247	0.1635	0.2085	0.1439	0.2418	0.0000	0.0000	0.0000	0.0000	0.0000	0.0000	0.0000	0.0000	
8	0.0000	0.0000	0.0000	0.0000	0.0000	0.0000	0.0000	0.0000	0.0074	0.3360	0.1349	0.0115	0.0273	0.2911	0.0921	0.0998	
9	0.0000	0.0000	0.0000	0.0000	0.0000	0.0000	0.0000	0.0000	0.1861	0.0464	0.4025	0.0334	0.0600	0.0872	0.0898	0.0947	
10	0.0000	0.0000	0.0000	0.0000	0.0000	0.0000	0.0000	0.0000	0.2335	0.0663	0.0337	0.4620	0.0166	0.1563	0.0305	0.0011	
11	0.0000	0.0000	0.0000	0.0000	0.0000	0.0000	0.0000	0.0000	0.4512	0.1336	0.0765	0.1337	0.0931	0.0330	0.0649	0.0139	
12	0.0000	0.0000	0.0000	0.0000	0.0000	0.0000	0.0000	0.0000	0.0012	0.0797	0.0635	0.1512	0.0581	0.1966	0.0119	0.4377	
13	0.0000	0.0000	0.0000	0.0000	0.0000	0.0000	0.0000	0.0000	0.0154	0.0179	0.2138	0.0473	0.3315	0.0231	0.3045	0.0465	
14	0.0000	0.0000	0.0000	0.0000	0.0000	0.0000	0.0000	0.0000	0.0530	0.2229	0.0487	0.0945	0.1654	0.0886	0.1740	0.1529	
15	0.0000	0.0000	0.0000	0.0000	0.0000	0.0000	0.0000	0.0000	0.0522	0.0973	0.0264	0.0664	0.2480	0.1241	0.2324	0.1534	
0.200000	-0.010666	
0	0.2205	0.1222	0.0959	0.0504	0.0793	0.2397	0.0399	0.1519	0.0000	0.0000	0.0000	0.0000	0.0000	0.0000	0.0000	0.0000	
1	0.0508	0.1815	0.2376	0.1983	0.1289	0.0187	0.1471	0.0373	0.0000	0.0000	0.0000	0.0000	0.0000	0.0000	0.0000	0.0000	
2	0.0334	0.2668	0.3021	0.1936	0.1343	0.0382	0.0172	0.0145	0.0000	0.0000	0.0000	0.0000	0.0000	0.0000	0.0000	0.0000	
3	0.4509	0.1341	0.0091	0.2012	0.0081	0.1178	0.0450	0.0339	0.0000	0.0000	0.0000	0.0000	0.0000	0.0000	0.0000	0.0000	
4	0.0339	0.0471	0.0139	0.2012	0.0612	0.1937	0.2033	0.2458	0.0000	0.0000	0.0000	0.0000	0.0000	0.0000	0.0000	0.0000	
5	0.0164	0.0170	0.2310	0.0302	0.2586	0.0967	0.1819	0.1683	0.0000	0.0000	0.0000	0.0000	0.0000	0.0000	0.0000	0.0000	
6	0.1807	0.0953	0.0423	0.1007	0.1663	0.0873	0.2212	0.1063	0.0000	0.0000	0.0000	0.0000	0.0000	0.0000	0.0000	0.0000	
7	0.0135	0.1359	0.0683	0.0245	0.1634	0.2079	0.1445	0.2421	0.0000	0.0000	0.0000	0.0000	0.0000	0.0000	0.0000	0.0000	
8	0.0000	0.0000	0.0000	0.0000	0.0000	0.0000	0.0000	0.0000	0.0075	0.3353	0.1348	0.0115	0.0274	0.2916	0.0922	0.0997	
9	0.0000	0.0000	0.0000	0.0000	0.0000	0.0000	0.0000	0.0000	0.1861	0.0462	0.4023	0.0336	0.0602	0.0874	0.0895	0.0948	
10	0.0000	0.0000	0.0000	0.0000	0.0000	0.0000	0.0000	0.0000	0.2337	0.0665	0.0339	0.4617	0.0166	0.1559	0.0305	0.0011	
11	0.0000	0.0000	0.0000	0.0000	0.0000	0.0000	0.0000	0.0000	0.4509	0.1341	0.0765	0.1337	0.0930	0.0329	0.0648	0.0140	
12	0.0000	0.0000	0.0000	0.0000	0.0000	0.0000	0.0000	0.0000	0.0012	0.0798	0.0634	0.1516	0.0581	0.1968	0.0117	0.4373	
13	0.0000	0.0000	0.0000	0.0000	0.0000	0.0000	0.0000	0.0000	0.0155	0.0179	0.2139	0.0473	0.3322	0.0230	0.3039	0.0463	
14	0.0000	0.0000	0.0000	0.0000	0.0000	0.0000	0.0000	0.0000	0.0533	0.2227	0.0487	0.0943	0.1653	0.0882	0.1747	0.1527	
15	0.0000	0.0000	0.0000	0.0000	0.0000	0.0000	0.0000	0.0000	0.0518	0.0976	0.0265	0.0663	0.2471	0.1242	0.2326	0.1540	
