-0.200000	-0.238356	
0	1.0000	0.0000	0.0000	0.0000	0.0000	0.0000	0.0000	0.0000	0.0000	0.0000	0.0000	0.0000	0.0000	0.0000	0.0000	0.0000	
1	0.0000	1.0000	0.0000	0.0000	0.0000	0.0000	0.0000	-0.0000	0.0000	0.0000	0.0000	0.0000	0.0000	0.0000	0.0000	0.0000	
2	0.0000	0.0000	0.0002	0.9998	-0.0000	0.0000	0.0000	0.0000	0.0000	0.0000	0.0000	0.0000	0.0000	0.0000	0.0000	0.0000	
3	0.0000	-0.0000	0.9998	0.0002	0.0000	0.0000	0.0000	0.0000	0.0000	0.0000	0.0000	0.0000	0.0000	0.0000	0.0000	0.0000	
4	0.0000	0.0000	0.0000	-0.0000	0.0139	0.0002	0.9723	0.0136	0.0000	0.0000	0.0000	0.0000	0.0000	0.0000	0.0000	0.0000	
5	0.0000	-0.0000	0.0000	0.0000	0.0002	0.0139	0.0136	0.9723	0.0000	0.0000	0.0000	0.0000	0.0000	0.0000	0.0000	0.0000	
6	0.0000	0.0000	0.0000	0.0000	0.9611	0.0247	0.0138	0.0004	0.0000	0.0000	0.0000	0.0000	0.0000	0.0000	0.0000	0.0000	
7	0.0000	0.0000	-0.0000	0.0000	0.0247	0.9611	0.0004	0.0138	0.0000	0.0000	0.0000	0.0000	0.0000	0.0000	0.0000	0.0000	
8	0.0000	0.0000	0.0000	0.0000	0.0000	0.0000	0.0000	0.0000	0.0141	0.0002	0.9582	0.0000	0.0000	0.0137	0.0137	0.0000	
9	0.0000	0.0000	0.0000	0.0000	0.0000	0.0000	0.0000	0.0000	0.0002	0.0141	0.0000	0.9582	0.0137	0.0000	-0.0000	0.0137	
10	0.0000	0.0000	0.0000	0.0000	0.0000	0.0000	0.0000	0.0000	0.9547	0.0035	0.0143	0.0001	0.0137	0.0001	0.0136	0.0002	
11	0.0000	0.0000	0.0000	0.0000	0.0000	0.0000	0.0000	0.0000	0.0035	0.9547	0.0001	0.0143	0.0001	0.0137	0.0002	0.0136	
12	0.0000	0.0000	0.0000	0.0000	0.0000	0.0000	0.0000	0.0000	0.0001	0.0137	0.0137	0.0001	0.0267	0.9456	0.0002	0.0000	
13	0.0000	0.0000	0.0000	0.0000	0.0000	0.0000	0.0000	0.0000	0.0137	0.0001	0.0001	0.0137	0.9456	0.0267	0.0000	0.0002	
14	0.0000	0.0000	0.0000	0.0000	0.0000	0.0000	0.0000	0.0000	0.0136	0.0001	0.0134	0.0003	0.0002	0.0000	0.9479	0.0244	
15	0.0000	0.0000	0.0000	0.0000	0.0000	0.0000	0.0000	0.0000	0.0001	0.0136	0.0003	0.0134	0.0000	0.0002	0.0244	0.9479	
-0.150000	-0.199230	
0	1.0000	0.0000	0.0000	0.0000	0.0000	0.0000	-0.0000	0.0000	0.0000	0.0000	0.0000	0.0000	0.0000	0.0000	0.0000	0.0000	
1	0.0000	1.0000	-0.0000	0.0000	0.0000	0.0000	0.0000	0.0000	0.0000	0.0000	0.0000	0.0000	0.0000	0.0000	0.0000	0.0000	
2	0.0000	0.0000	0.0001	0.9999	0.0000	0.0000	-0.0000	0.0000	0.0000	0.0000	0.0000	0.0000	0.0000	0.0000	0.0000	0.0000	
3	0.0000	-0.0000	0.9999	0.0001	0.0000	0.0000	0.0000	-0.0000	0.0000	0.0000	0.0000	0.0000	0.0000	0.0000	0.0000	0.0000	
4	-0.0000	0.0000	0.0000	0.0000	0.0098	0.0001	0.9805	0.0096	0.0000	0.0000	0.0000	0.0000	0.0000	0.0000	0.0000	0.0000	
5	0.0000	0.0000	0.0000	0.0000	0.0001	0.0098	0.0096	0.9805	0.0000	0.0000	0.0000	0.0000	0.0000	0.0000	0.0000	0.0000	
6	0.0000	0.0000	0.0000	0.0000	0.9721	0.0180	0.0097	0.0002	0.0000	0.0000	0.0000	0.0000	0.0000	0.0000	0.0000	0.0000	
7	0.0000	0.0000	-0.0000	0.0000	0.0180	0.9721	0.0002	0.0097	0.0000	0.0000	0.0000	0.0000	0.0000	0.0000	0.0000	0.0000	
8	0.0000	0.0000	0.0000	0.0000	0.0000	0.0000	0.0000	0.0000	0.0099	0.0001	0.9706	0.0000	0.0000	0.0097	0.0097	0.0000	
9	0.0000	0.0000	0.0000	0.0000	0.0000	0.0000	0.0000	0.0000	0.0001	0.0099	0.0000	0.9706	0.0097	-0.0000	0.0000	0.0097	
10	0.0000	0.0000	0.0000	0.0000	0.0000	0.0000	0.0000	0.0000	0.9684	0.0023	0.0100	0.0000	0.0097	0.0000	0.0096	0.0001	
11	0.0000	0.0000	0.0000	0.0000	0.0000	0.0000	0.0000	0.0000	0.0023	0.9684	0.0000	0.0100	0.0000	0.0097	0.0001	0.0096	
12	0.0000	0.0000	0.0000	0.0000	0.0000	0.0000	0.0000	0.0000	0.0000	0.0097	0.0097	0.0000	0.0190	0.9615	0.0001	0.0000	
13	0.0000	0.0000	0.0000	0.0000	0.0000	0.0000	0.0000	0.0000	0.0097	0.0000	0.0000	0.0097	0.9615	0.0190	0.0000	0.0001	
14	0.0000	0.0000	0.0000	0.0000	0.0000	0.0000	0.0000	0.0000	0.0097	0.0000	0.0095	0.0002	0.0001	0.0000	0.9627	0.0179	
15	0.0000	0.0000	0.0000	0.0000	0.0000	0.0000	0.0000	0.0000	0.0000	0.0097	0.0002	0.0095	0.0000	0.0001	0.0179	0.9627	
-0.100000	-0.147096	
0	1.0000	0.0000	0.0000	0.0000	0.0000	0.0000	0.0000	0.0000	0.0000	0.0000	0.0000	0.0000	0.0000	0.0000	0.0000	0.0000	
1	0.0000	1.0000	0.0000	0.0000	0.0000	0.0000	0.0000	0.0000	0.0000	0.0000	0.0000	0.0000	0.0000	0.0000	0.0000	0.0000	
2	0.0000	0.0000	0.0000	1.0000	-0.0000	0.0000	0.0000	0.0000	0.0000	0.0000	0.0000	0.0000	0.0000	0.0000	0.0000	0.0000	
3	0.0000	-0.0000	1.0000	0.0000	0.0000	0.0000	0.0000	0.0000	0.0000	0.0000	0.0000	0.0000	0.0000	0.0000	0.0000	0.0000	
4	-0.0000	0.0000	0.0000	0.0000	0.0054	0.0000	0.9893	0.0053	0.0000	0.0000	0.0000	0.0000	0.0000	0.0000	0.0000	0.0000	
5	0.0000	0.0000	0.0000	0.0000	0.0000	0.0054	0.0053	0.9893	0.0000	0.0000	0.0000	0.0000	0.0000	0.0000	0.0000	0.0000	
6	0.0000	0.0000	0.0000	0.0000	0.9843	0.0103	0.0053	0.0001	0.0000	0.0000	0.0000	0.0000	0.0000	0.0000	0.0000	0.0000	
7	0.0000	0.0000	-0.0000	0.0000	0.0103	0.9843	0.0001	0.0053	0.0000	0.0000	0.0000	0.0000	0.0000	0.0000	0.0000	0.0000	
8	0.0000	0.0000	0.0000	0.0000	0.0000	0.0000	0.0000	0.0000	0.0054	0.0000	0.9839	0.0000	0.0000	0.0053	0.0053	0.0000	
9	0.0000	0.0000	0.0000	0.0000	0.0000	0.0000	0.0000	0.0000	0.0000	0.0054	0.0000	0.9839	0.0053	0.0000	0.0000	0.0053	
10	0.0000	0.0000	0.0000	0.0000	0.0000	0.0000	0.0000	0.0000	0.9828	0.0011	0.0054	0.0000	0.0053	0.0000	0.0053	0.0000	
11	0.0000	0.0000	0.0000	0.0000	0.0000	0.0000	0.0000	0.0000	0.0011	0.9828	0.0000	0.0054	0.0000	0.0053	0.0000	0.0053	
12	0.0000	0.0000	0.0000	0.0000	0.0000	0.0000	0.0000	0.0000	0.0000	0.0053	0.0053	0.0000	0.0106	0.9787	0.0000	0.0000	
13	0.0000	0.0000	0.0000	0.0000	0.0000	0.0000	0.0000	0.0000	0.0053	0.0000	0.0000	0.0053	0.9787	0.0106	0.0000	0.0000	
14	0.0000	0.0000	0.0000	0.0000	0.0000	0.0000	0.0000	0.0000	0.0053	0.0000	0.0053	0.0001	0.0000	0.0000	0.9791	0.0102	
15	0.0000	0.0000	0.0000	0.0000	0.0000	0.0000	0.0000	0.0000	0.0000	0.0053	0.0001	0.0053	0.0000	0.0000	0.0102	0.9791	
-0.050000	-0.081059	
0	1.0000	0.0000	0.0000	0.0000	0.0000	0.0000	0.0000	0.0000	0.0000	0.0000	0.0000	0.0000	0.0000	0.0000	0.0000	0.0000	
1	0.0000	1.0000	0.0000	0.0000	0.0000	0.0000	0.0000	0.0000	0.0000	0.0000	0.0000	0.0000	0.0000	0.0000	0.0000	0.0000	
2	0.0000	0.0000	0.0000	1.0000	-0.0000	0.0000	0.0000	0.0000	0.0000	0.0000	0.0000	0.0000	0.0000	0.0000	0.0000	0.0000	
3	0.0000	0.0000	1.0000	0.0000	0.0000	0.0000	0.0000	0.0000	0.0000	0.0000	0.0000	0.0000	0.0000	0.0000	0.0000	0.0000	
4	0.0000	0.0000	0.0000	0.0000	0.0016	0.0000	0.9967	0.0016	0.0000	0.0000	0.0000	0.0000	0.0000	0.0000	0.0000	0.0000	
5	0.0000	-0.0000	0.0000	0.0000	0.0000	0.0016	0.0016	0.9967	0.0000	0.0000	0.0000	0.0000	0.0000	0.0000	0.0000	0.0000	
6	0.0000	0.0000	0.0000	-0.0000	0.9951	0.0032	0.0016	0.0000	0.0000	0.0000	0.0000	0.0000	0.0000	0.0000	0.0000	0.0000	
7	0.0000	0.0000	0.0000	0.0000	0.0032	0.9951	0.0000	0.0016	0.0000	0.0000	0.0000	0.0000	0.0000	0.0000	0.0000	0.0000	
8	0.0000	0.0000	0.0000	0.0000	0.0000	0.0000	0.0000	0.0000	0.0016	0.0000	0.9951	0.0000	0.0000	0.0016	0.0016	0.0000	
9	0.0000	0.0000	0.0000	0.0000	0.0000	0.0000	0.0000	0.0000	0.0000	0.0016	0.0000	0.9951	0.0016	0.0000	0.0000	0.0016	
10	0.0000	0.0000	0.0000	0.0000	0.0000	0.0000	0.0000	0.0000	0.9948	0.0003	0.0016	0.0000	0.0016	0.0000	0.0016	0.0000	
11	0.0000	0.0000	0.0000	0.0000	0.0000	0.0000	0.0000	0.0000	0.0003	0.9948	0.0000	0.0016	0.0000	0.0016	0.0000	0.0016	
12	0.0000	0.0000	0.0000	0.0000	0.0000	0.0000	0.0000	0.0000	0.0000	0.0016	0.0016	0.0000	0.0033	0.9935	0.0000	0.0000	
13	0.0000	0.0000	0.0000	0.0000	0.0000	0.0000	0.0000	0.0000	0.0016	0.0000	0.0000	0.0016	0.9935	0.0033	0.0000	0.0000	
14	0.0000	0.0000	0.0000	0.0000	0.0000	0.0000	0.0000	0.0000	0.0016	0.0000	0.0016	0.0000	0.0000	0.0000	0.9935	0.0032	
15	0.0000	0.0000	0.0000	0.0000	0.0000	0.0000	0.0000	0.0000	0.0000	0.0016	0.0000	0.0016	0.0000	0.0000	0.0032	0.9935	
0.000000	0.000000	
0	1.0000	0.0000	0.0000	0.0000	0.0000	-0.0000	0.0000	0.0000	0.0000	0.0000	0.0000	0.0000	0.0000	0.0000	0.0000	0.0000	
1	0.0000	1.0000	-0.0000	0.0000	0.0000	0.0000	0.0000	0.0000	0.0000	0.0000	0.0000	0.0000	0.0000	0.0000	0.0000	0.0000	
2	0.0000	0.0000	0.0000	1.0000	0.0000	0.0000	-0.0000	0.0000	0.0000	0.0000	0.0000	0.0000	0.0000	0.0000	0.0000	0.0000	
3	0.0000	0.0000	1.0000	0.0000	0.0000	-0.0000	0.0000	0.0000	0.0000	0.0000	0.0000	0.0000	0.0000	0.0000	0.0000	0.0000	
4	0.0000	0.0000	0.0000	0.0000	0.0000	-0.0000	1.0000	0.0000	0.0000	0.0000	0.0000	0.0000	0.0000	0.0000	0.0000	0.0000	
5	0.0000	0.0000	0.0000	0.0000	0.0000	0.0000	0.0000	1.0000	0.0000	0.0000	0.0000	0.0000	0.0000	0.0000	0.0000	0.0000	
6	0.0000	0.0000	0.0000	-0.0000	1.0000	0.0000	0.0000	0.0000	0.0000	0.0000	0.0000	0.0000	0.0000	0.0000	0.0000	0.0000	
7	0.0000	0.0000	0.0000	0.0000	0.0000	1.0000	0.0000	0.0000	0.0000	0.0000	0.0000	0.0000	0.0000	0.0000	0.0000	0.0000	
8	0.0000	0.0000	0.0000	0.0000	0.0000	0.0000	0.0000	0.0000	0.0000	0.0000	1.0000	0.0000	-0.0000	0.0000	0.0000	0.0000	
9	0.0000	0.0000	0.0000	0.0000	0.0000	0.0000	0.0000	0.0000	-0.0000	0.0000	0.0000	1.0000	0.0000	0.0000	0.0000	0.0000	
10	0.0000	0.0000	0.0000	0.0000	0.0000	0.0000	0.0000	0.0000	1.0000	0.0000	0.0000	0.0000	0.0000	0.0000	0.0000	-0.0000	
11	0.0000	0.0000	0.0000	0.0000	0.0000	0.0000	0.0000	0.0000	0.0000	1.0000	0.0000	0.0000	-0.0000	0.0000	0.0000	0.0000	
12	0.0000	0.0000	0.0000	0.0000	0.0000	0.0000	0.0000	0.0000	0.0000	0.0000	0.0000	0.0000	0.0000	1.0000	0.0000	0.0000	
13	0.0000	0.0000	0.0000	0.0000	0.0000	0.0000	0.0000	0.0000	0.0000	0.0000	-0.0000	0.0000	1.0000	0.0000	0.0000	-0.0000	
14	0.0000	0.0000	0.0000	0.0000	0.0000	0.0000	0.0000	0.0000	0.0000	-0.0000	0.0000	-0.0000	0.0000	0.0000	1.0000	0.0000	
15	0.0000	0.0000	0.0000	0.0000	0.0000	0.0000	0.0000	0.0000	-0.0000	0.0000	0.0000	0.0000	-0.0000	0.0000	0.0000	1.0000	
0.050000	0.097473	
0	1.0000	0.0000	0.0000	0.0000	0.0000	0.0000	-0.0000	0.0000	0.0000	0.0000	0.0000	0.0000	0.0000	0.0000	0.0000	0.0000	
1	0.0000	1.0000	-0.0000	0.0000	0.0000	0.0000	0.0000	0.0000	0.0000	0.0000	0.0000	0.0000	0.0000	0.0000	0.0000	0.0000	
2	0.0000	0.0000	0.0000	1.0000	0.0000	0.0000	0.0000	0.0000	0.0000	0.0000	0.0000	0.0000	0.0000	0.0000	0.0000	0.0000	
3	0.0000	0.0000	1.0000	0.0000	0.0000	0.0000	0.0000	0.0000	0.0000	0.0000	0.0000	0.0000	0.0000	0.0000	0.0000	0.0000	
4	0.0000	0.0000	0.0000	0.0000	0.0024	0.0000	0.9953	0.0024	0.0000	0.0000	0.0000	0.0000	0.0000	0.0000	0.0000	0.0000	
5	0.0000	-0.0000	0.0000	0.0000	0.0000	0.0024	0.0024	0.9953	0.0000	0.0000	0.0000	0.0000	0.0000	0.0000	0.0000	0.0000	
6	0.0000	0.0000	0.0000	-0.0000	0.9930	0.0046	0.0024	0.0000	0.0000	0.0000	0.0000	0.0000	0.0000	0.0000	0.0000	0.0000	
7	0.0000	0.0000	0.0000	0.0000	0.0046	0.9930	0.0000	0.0024	0.0000	0.0000	0.0000	0.0000	0.0000	0.0000	0.0000	0.0000	
8	0.0000	0.0000	0.0000	0.0000	0.0000	0.0000	0.0000	0.0000	0.0024	0.0000	0.9929	0.0000	-0.0000	0.0024	0.0024	0.0000	
9	0.0000	0.0000	0.0000	0.0000	0.0000	0.0000	0.0000	0.0000	0.0000	0.0024	0.0000	0.9929	0.0024	-0.0000	0.0000	0.0024	
10	0.0000	0.0000	0.0000	0.0000	0.0000	0.0000	0.0000	0.0000	0.9925	0.0004	0.0024	0.0000	0.0024	0.0000	0.0024	0.0000	
11	0.0000	0.0000	0.0000	0.0000	0.0000	0.0000	0.0000	0.0000	0.0004	0.9925	0.0000	0.0024	0.0000	0.0024	0.0000	0.0024	
12	0.0000	0.0000	0.0000	0.0000	0.0000	0.0000	0.0000	0.0000	0.0000	0.0024	0.0024	0.0000	0.0047	0.9906	0.0000	0.0000	
13	0.0000	0.0000	0.0000	0.0000	0.0000	0.0000	0.0000	0.0000	0.0024	0.0000	0.0000	0.0024	0.9906	0.0047	0.0000	0.0000	
14	0.0000	0.0000	0.0000	0.0000	0.0000	0.0000	0.0000	0.0000	0.0024	0.0000	0.0024	0.0000	0.0000	0.0000	0.9906	0.0046	
15	0.0000	0.0000	0.0000	0.0000	0.0000	0.0000	0.0000	0.0000	0.0000	0.0024	0.0000	0.0024	0.0000	0.0000	0.0046	0.9906	
0.100000	0.213080	
0	1.0000	0.0000	0.0000	0.0000	0.0000	0.0000	0.0000	0.0000	0.0000	0.0000	0.0000	0.0000	0.0000	0.0000	0.0000	0.0000	
1	0.0000	1.0000	0.0000	0.0000	0.0000	0.0000	0.0000	0.0000	0.0000	0.0000	0.0000	0.0000	0.0000	0.0000	0.0000	0.0000	
2	0.0000	0.0000	0.0001	0.9999	-0.0000	0.0000	0.0000	0.0000	0.0000	0.0000	0.0000	0.0000	0.0000	0.0000	0.0000	0.0000	
3	0.0000	0.0000	0.9999	0.0001	0.0000	0.0000	0.0000	0.0000	0.0000	0.0000	0.0000	0.0000	0.0000	0.0000	0.0000	0.0000	
4	0.0000	0.0000	0.0000	0.0000	0.0112	0.0001	0.9777	0.0110	0.0000	0.0000	0.0000	0.0000	0.0000	0.0000	0.0000	0.0000	
5	0.0000	-0.0000	0.0000	0.0000	0.0001	0.0112	0.0110	0.9777	0.0000	0.0000	0.0000	0.0000	0.0000	0.0000	0.0000	0.0000	
6	0.0000	0.0000	0.0000	0.0000	0.9684	0.0203	0.0111	0.0002	0.0000	0.0000	0.0000	0.0000	0.0000	0.0000	0.0000	0.0000	
7	0.0000	0.0000	-0.0000	0.0000	0.0203	0.9684	0.0002	0.0111	0.0000	0.0000	0.0000	0.0000	0.0000	0.0000	0.0000	0.0000	
8	0.0000	0.0000	0.0000	0.0000	0.0000	0.0000	0.0000	0.0000	0.0113	0.0001	0.9665	0.0000	0.0000	0.0111	0.0111	0.0000	
9	0.0000	0.0000	0.0000	0.0000	0.0000	0.0000	0.0000	0.0000	0.0001	0.0113	0.0000	0.9665	0.0111	-0.0000	0.0000	0.0111	
10	0.0000	0.0000	0.0000	0.0000	0.0000	0.0000	0.0000	0.0000	0.9638	0.0027	0.0114	0.0000	0.0110	0.0000	0.0109	0.0001	
11	0.0000	0.0000	0.0000	0.0000	0.0000	0.0000	0.0000	0.0000	0.0027	0.9638	0.0000	0.0114	0.0000	0.0110	0.0001	0.0109	
12	0.0000	0.0000	0.0000	0.0000	0.0000	0.0000	0.0000	0.0000	0.0000	0.0110	0.0110	0.0000	0.0216	0.9562	0.0001	0.0000	
13	0.0000	0.0000	0.0000	0.0000	0.0000	0.0000	0.0000	0.0000	0.0110	0.0000	0.0000	0.0110	0.9562	0.0216	0.0000	0.0001	
14	0.0000	0.0000	0.0000	0.0000	0.0000	0.0000	0.0000	0.0000	0.0110	0.0001	0.0108	0.0002	0.0001	0.0000	0.9576	0.0201	
15	0.0000	0.0000	0.0000	0.0000	0.0000	0.0000	0.0000	0.0000	0.0001	0.0110	0.0002	0.0108	0.0000	0.0001	0.0201	0.9576	
0.150000	0.348943	
0	1.0000	0.0000	0.0000	0.0000	0.0000	-0.0000	0.0000	0.0000	0.0000	0.0000	0.0000	0.0000	0.0000	0.0000	0.0000	0.0000	
1	0.0000	1.0000	-0.0000	0.0000	-0.0000	0.0000	0.0000	-0.0000	0.0000	0.0000	0.0000	0.0000	0.0000	0.0000	0.0000	0.0000	
2	0.0000	0.0000	0.0009	0.9991	0.0000	0.0000	0.0000	0.0000	0.0000	0.0000	0.0000	0.0000	0.0000	0.0000	0.0000	0.0000	
3	0.0000	0.0000	0.9991	0.0009	0.0000	0.0000	0.0000	0.0000	0.0000	0.0000	0.0000	0.0000	0.0000	0.0000	0.0000	0.0000	
4	-0.0000	0.0000	0.0000	0.0000	0.0293	0.0009	0.9422	0.0276	0.0000	0.0000	0.0000	0.0000	0.0000	0.0000	0.0000	0.0000	
5	0.0000	0.0000	0.0000	0.0000	0.0009	0.0293	0.0276	0.9422	0.0000	0.0000	0.0000	0.0000	0.0000	0.0000	0.0000	0.0000	
6	0.0000	0.0000	0.0000	-0.0000	0.9248	0.0451	0.0287	0.0014	0.0000	0.0000	0.0000	0.0000	0.0000	0.0000	0.0000	0.0000	
7	0.0000	0.0000	-0.0000	0.0000	0.0451	0.9248	0.0014	0.0287	0.0000	0.0000	0.0000	0.0000	0.0000	0.0000	0.0000	0.0000	
8	0.0000	0.0000	0.0000	0.0000	0.0000	0.0000	0.0000	0.0000	0.0301	0.0009	0.9123	0.0000	0.0000	0.0283	0.0283	0.0000	
9	0.0000	0.0000	0.0000	0.0000	0.0000	0.0000	0.0000	0.0000	0.0009	0.0301	0.0000	0.9123	0.0283	0.0000	0.0000	0.0283	
10	0.0000	0.0000	0.0000	0.0000	0.0000	0.0000	0.0000	0.0000	0.9025	0.0098	0.0306	0.0005	0.0280	0.0003	0.0276	0.0007	
11	0.0000	0.0000	0.0000	0.0000	0.0000	0.0000	0.0000	0.0000	0.0098	0.9025	0.0005	0.0306	0.0003	0.0280	0.0007	0.0276	
12	0.0000	0.0000	0.0000	0.0000	0.0000	0.0000	0.0000	0.0000	0.0003	0.0280	0.0280	0.0003	0.0532	0.8892	0.0009	0.0000	
13	0.0000	0.0000	0.0000	0.0000	0.0000	0.0000	0.0000	0.0000	0.0280	0.0003	0.0003	0.0280	0.8892	0.0532	0.0000	0.0009	
14	0.0000	0.0000	0.0000	0.0000	0.0000	0.0000	0.0000	0.0000	0.0273	0.0010	0.0274	0.0010	0.0008	0.0000	0.8983	0.0442	
15	0.0000	0.0000	0.0000	0.0000	0.0000	0.0000	0.0000	0.0000	0.0010	0.0273	0.0010	0.0274	0.0000	0.0008	0.0442	0.8983	
0.200000	0.507692	
0	1.0000	0.0000	0.0000	-0.0000	0.0000	0.0000	-0.0000	0.0000	0.0000	0.0000	0.0000	0.0000	0.0000	0.0000	0.0000	0.0000	
1	0.0000	1.0000	0.0000	-0.0000	0.0000	0.0000	0.0000	0.0000	0.0000	0.0000	0.0000	0.0000	0.0000	0.0000	0.0000	0.0000	
2	-0.0000	0.0000	0.0040	0.9960	-0.0000	0.0000	0.0000	0.0000	0.0000	0.0000	0.0000	0.0000	0.0000	0.0000	0.0000	0.0000	
3	0.0000	0.0000	0.9960	0.0040	0.0000	0.0000	0.0000	0.0000	0.0000	0.0000	0.0000	0.0000	0.0000	0.0000	0.0000	0.0000	
4	-0.0000	0.0000	0.0000	-0.0000	0.0595	0.0035	0.8845	0.0525	0.0000	0.0000	0.0000	0.0000	0.0000	0.0000	0.0000	0.0000	
5	0.0000	0.0000	0.0000	0.0000	0.0035	0.0595	0.0525	0.8845	0.0000	0.0000	0.0000	0.0000	0.0000	0.0000	0.0000	0.0000	
6	0.0000	0.0000	0.0000	0.0000	0.8696	0.0674	0.0585	0.0045	0.0000	0.0000	0.0000	0.0000	0.0000	0.0000	0.0000	0.0000	
7	-0.0000	0.0000	0.0000	-0.0000	0.0674	0.8696	0.0045	0.0585	0.0000	0.0000	0.0000	0.0000	0.0000	0.0000	0.0000	0.0000	
8	0.0000	0.0000	0.0000	0.0000	0.0000	0.0000	0.0000	0.0000	0.0631	0.0037	0.8225	0.0000	0.0000	0.0554	0.0554	0.0000	
9	0.0000	0.0000	0.0000	0.0000	0.0000	0.0000	0.0000	0.0000	0.0037	0.0631	0.0000	0.8225	0.0554	0.0000	-0.0000	0.0554	
10	0.0000	0.0000	0.0000	0.0000	0.0000	0.0000	0.0000	0.0000	0.7947	0.0278	0.0636	0.0032	0.0535	0.0019	0.0530	0.0024	
11	0.0000	0.0000	0.0000	0.0000	0.0000	0.0000	0.0000	0.0000	0.0278	0.7947	0.0032	0.0636	0.0019	0.0535	0.0024	0.0530	
12	0.0000	0.0000	0.0000	0.0000	0.0000	0.0000	0.0000	0.0000	0.0019	0.0535	0.0535	0.0019	0.0961	0.7895	0.0036	0.0001	
13	0.0000	0.0000	0.0000	0.0000	0.0000	0.0000	0.0000	0.0000	0.0535	0.0019	0.0019	0.0535	0.7895	0.0961	0.0001	0.0036	
14	0.0000	0.0000	0.0000	0.0000	0.0000	0.0000	0.0000	0.0000	0.0482	0.0072	0.0534	0.0019	0.0032	0.0005	0.8196	0.0659	
15	0.0000	0.0000	0.0000	0.0000	0.0000	0.0000	0.0000	0.0000	0.0072	0.0482	0.0019	0.0534	0.0005	0.0032	0.0659	0.8196	
-0.200000	-0.227249	
0	1.0000	0.0000	0.0000	0.0000	0.0000	0.0000	-0.0000	0.0000	0.0000	0.0000	0.0000	0.0000	0.0000	0.0000	0.0000	0.0000	
1	-0.0000	1.0000	-0.0000	0.0000	0.0000	0.0000	0.0000	0.0000	0.0000	0.0000	0.0000	0.0000	0.0000	0.0000	0.0000	0.0000	
2	0.0000	0.0000	0.0002	0.9998	0.0000	0.0000	-0.0000	0.0000	0.0000	0.0000	0.0000	0.0000	0.0000	0.0000	0.0000	0.0000	
3	0.0000	-0.0000	0.9998	0.0002	0.0000	0.0000	0.0000	-0.0000	0.0000	0.0000	0.0000	0.0000	0.0000	0.0000	0.0000	0.0000	
4	0.0000	0.0000	0.0000	0.0000	0.0127	0.0002	0.9748	0.0124	0.0000	0.0000	0.0000	0.0000	0.0000	0.0000	0.0000	0.0000	
5	0.0000	-0.0000	0.0000	0.0000	0.0002	0.0127	0.0124	0.9748	0.0000	0.0000	0.0000	0.0000	0.0000	0.0000	0.0000	0.0000	
6	0.0000	0.0000	0.0000	0.0000	0.9644	0.0228	0.0126	0.0003	0.0000	0.0000	0.0000	0.0000	0.0000	0.0000	0.0000	0.0000	
7	0.0000	0.0000	0.0000	0.0000	0.0228	0.9644	0.0003	0.0126	0.0000	0.0000	0.0000	0.0000	0.0000	0.0000	0.0000	0.0000	
8	0.0000	0.0000	0.0000	0.0000	0.0000	0.0000	0.0000	0.0000	0.0129	0.0002	0.9619	0.0000	0.0000	0.0125	0.0125	0.0000	
9	0.0000	0.0000	0.0000	0.0000	0.0000	0.0000	0.0000	0.0000	0.0002	0.0129	0.0000	0.9619	0.0125	0.0000	0.0000	0.0125	
10	0.0000	0.0000	0.0000	0.0000	0.0000	0.0000	0.0000	0.0000	0.9588	0.0031	0.0130	0.0001	0.0125	0.0000	0.0124	0.0001	
11	0.0000	0.0000	0.0000	0.0000	0.0000	0.0000	0.0000	0.0000	0.0031	0.9588	0.0001	0.0130	0.0000	0.0125	0.0001	0.0124	
12	0.0000	0.0000	0.0000	0.0000	0.0000	0.0000	0.0000	0.0000	0.0000	0.0125	0.0125	0.0000	0.0244	0.9504	0.0002	0.0000	
13	0.0000	0.0000	0.0000	0.0000	0.0000	0.0000	0.0000	0.0000	0.0125	0.0000	0.0000	0.0125	0.9504	0.0244	0.0000	0.0002	
14	0.0000	0.0000	0.0000	0.0000	0.0000	0.0000	0.0000	0.0000	0.0124	0.0001	0.0123	0.0003	0.0002	0.0000	0.9523	0.0225	
15	0.0000	0.0000	0.0000	0.0000	0.0000	0.0000	0.0000	0.0000	0.0001	0.0124	0.0003	0.0123	0.0000	0.0002	0.0225	0.9523	
-0.150000	-0.187979	
0	1.0000	0.0000	0.0000	0.0000	0.0000	0.0000	0.0000	0.0000	0.0000	0.0000	0.0000	0.0000	0.0000	0.0000	0.0000	0.0000	
1	0.0000	1.0000	0.0000	0.0000	-0.0000	0.0000	0.0000	0.0000	0.0000	0.0000	0.0000	0.0000	0.0000	0.0000	0.0000	0.0000	
2	0.0000	0.0000	0.0001	0.9999	0.0000	0.0000	0.0000	0.0000	0.0000	0.0000	0.0000	0.0000	0.0000	0.0000	0.0000	0.0000	
3	0.0000	0.0000	0.9999	0.0001	0.0000	-0.0000	0.0000	0.0000	0.0000	0.0000	0.0000	0.0000	0.0000	0.0000	0.0000	0.0000	
4	0.0000	0.0000	0.0000	-0.0000	0.0087	0.0001	0.9826	0.0086	0.0000	0.0000	0.0000	0.0000	0.0000	0.0000	0.0000	0.0000	
5	0.0000	0.0000	0.0000	0.0000	0.0001	0.0087	0.0086	0.9826	0.0000	0.0000	0.0000	0.0000	0.0000	0.0000	0.0000	0.0000	
6	0.0000	-0.0000	0.0000	0.0000	0.9750	0.0162	0.0087	0.0001	0.0000	0.0000	0.0000	0.0000	0.0000	0.0000	0.0000	0.0000	
7	0.0000	0.0000	-0.0000	0.0000	0.0162	0.9750	0.0001	0.0087	0.0000	0.0000	0.0000	0.0000	0.0000	0.0000	0.0000	0.0000	
8	0.0000	0.0000	0.0000	0.0000	0.0000	0.0000	0.0000	0.0000	0.0088	0.0001	0.9738	0.0000	-0.0000	0.0087	0.0087	0.0000	
9	0.0000	0.0000	0.0000	0.0000	0.0000	0.0000	0.0000	0.0000	0.0001	0.0088	0.0000	0.9738	0.0087	0.0000	0.0000	0.0087	
10	0.0000	0.0000	0.0000	0.0000	0.0000	0.0000	0.0000	0.0000	0.9719	0.0020	0.0089	0.0000	0.0086	0.0000	0.0086	0.0001	
11	0.0000	0.0000	0.0000	0.0000	0.0000	0.0000	0.0000	0.0000	0.0020	0.9719	0.0000	0.0089	0.0000	0.0086	0.0001	0.0086	
12	0.0000	0.0000	0.0000	0.0000	0.0000	0.0000	0.0000	0.0000	0.0000	0.0086	0.0086	0.0000	0.0170	0.9656	0.0001	0.0000	
13	0.0000	0.0000	0.0000	0.0000	0.0000	0.0000	0.0000	0.0000	0.0086	0.0000	0.0000	0.0086	0.9656	0.0170	0.0000	0.0001	
14	0.0000	0.0000	0.0000	0.0000	0.0000	0.0000	0.0000	0.0000	0.0086	0.0000	0.0085	0.0001	0.0001	0.0000	0.9665	0.0161	
15	0.0000	0.0000	0.0000	0.0000	0.0000	0.0000	0.0000	0.0000	0.0000	0.0086	0.0001	0.0085	0.0000	0.0001	0.0161	0.9665	
-0.100000	-0.137527	
0	1.0000	0.0000	0.0000	0.0000	0.0000	-0.0000	-0.0000	0.0000	0.0000	0.0000	0.0000	0.0000	0.0000	0.0000	0.0000	0.0000	
1	0.0000	1.0000	0.0000	0.0000	-0.0000	0.0000	0.0000	0.0000	0.0000	0.0000	0.0000	0.0000	0.0000	0.0000	0.0000	0.0000	
2	0.0000	0.0000	0.0000	1.0000	0.0000	0.0000	0.0000	0.0000	0.0000	0.0000	0.0000	0.0000	0.0000	0.0000	0.0000	0.0000	
3	0.0000	0.0000	1.0000	0.0000	0.0000	0.0000	0.0000	0.0000	0.0000	0.0000	0.0000	0.0000	0.0000	0.0000	0.0000	0.0000	
4	0.0000	0.0000	0.0000	0.0000	0.0047	0.0000	0.9906	0.0047	0.0000	0.0000	0.0000	0.0000	0.0000	0.0000	0.0000	0.0000	
5	0.0000	-0.0000	0.0000	0.0000	0.0000	0.0047	0.0047	0.9906	0.0000	0.0000	0.0000	0.0000	0.0000	0.0000	0.0000	0.0000	
6	0.0000	0.0000	0.0000	0.0000	0.9862	0.0090	0.0047	0.0000	0.0000	0.0000	0.0000	0.0000	0.0000	0.0000	0.0000	0.0000	
7	0.0000	0.0000	0.0000	0.0000	0.0090	0.9862	0.0000	0.0047	0.0000	0.0000	0.0000	0.0000	0.0000	0.0000	0.0000	0.0000	
8	0.0000	0.0000	0.0000	0.0000	0.0000	0.0000	0.0000	0.0000	0.0047	0.0000	0.9859	0.0000	0.0000	0.0047	0.0047	0.0000	
9	0.0000	0.0000	0.0000	0.0000	0.0000	0.0000	0.0000	0.0000	0.0000	0.0047	0.0000	0.9859	0.0047	0.0000	0.0000	0.0047	
10	0.0000	0.0000	0.0000	0.0000	0.0000	0.0000	0.0000	0.0000	0.9850	0.0009	0.0047	0.0000	0.0047	0.0000	0.0047	0.0000	
11	0.0000	0.0000	0.0000	0.0000	0.0000	0.0000	0.0000	0.0000	0.0009	0.9850	0.0000	0.0047	0.0000	0.0047	0.0000	0.0047	
12	0.0000	0.0000	0.0000	0.0000	0.0000	0.0000	0.0000	0.0000	0.0000	0.0047	0.0047	0.0000	0.0093	0.9814	0.0000	0.0000	
13	0.0000	0.0000	0.0000	0.0000	0.0000	0.0000	0.0000	0.0000	0.0047	0.0000	0.0000	0.0047	0.9814	0.0093	0.0000	0.0000	
14	0.0000	0.0000	0.0000	0.0000	0.0000	0.0000	0.0000	0.0000	0.0047	0.0000	0.0046	0.0000	0.0000	0.0000	0.9816	0.0090	
15	0.0000	0.0000	0.0000	0.0000	0.0000	0.0000	0.0000	0.0000	0.0000	0.0047	0.0000	0.0046	0.0000	0.0000	0.0090	0.9816	
-0.050000	-0.075166	
0	1.0000	0.0000	0.0000	0.0000	0.0000	0.0000	0.0000	0.0000	0.0000	0.0000	0.0000	0.0000	0.0000	0.0000	0.0000	0.0000	
1	0.0000	1.0000	0.0000	0.0000	0.0000	0.0000	0.0000	-0.0000	0.0000	0.0000	0.0000	0.0000	0.0000	0.0000	0.0000	0.0000	
2	0.0000	0.0000	0.0000	1.0000	0.0000	0.0000	-0.0000	0.0000	0.0000	0.0000	0.0000	0.0000	0.0000	0.0000	0.0000	0.0000	
3	0.0000	0.0000	1.0000	0.0000	0.0000	0.0000	0.0000	0.0000	0.0000	0.0000	0.0000	0.0000	0.0000	0.0000	0.0000	0.0000	
4	0.0000	0.0000	0.0000	0.0000	0.0014	0.0000	0.9972	0.0014	0.0000	0.0000	0.0000	0.0000	0.0000	0.0000	0.0000	0.0000	
5	0.0000	0.0000	0.0000	0.0000	0.0000	0.0014	0.0014	0.9972	0.0000	0.0000	0.0000	0.0000	0.0000	0.0000	0.0000	0.0000	
6	0.0000	-0.0000	0.0000	-0.0000	0.9958	0.0028	0.0014	0.0000	0.0000	0.0000	0.0000	0.0000	0.0000	0.0000	0.0000	0.0000	
7	0.0000	0.0000	0.0000	0.0000	0.0028	0.9958	0.0000	0.0014	0.0000	0.0000	0.0000	0.0000	0.0000	0.0000	0.0000	0.0000	
8	0.0000	0.0000	0.0000	0.0000	0.0000	0.0000	0.0000	0.0000	0.0014	0.0000	0.9958	0.0000	0.0000	0.0014	0.0014	0.0000	
9	0.0000	0.0000	0.0000	0.0000	0.0000	0.0000	0.0000	0.0000	0.0000	0.0014	0.0000	0.9958	0.0014	0.0000	0.0000	0.0014	
10	0.0000	0.0000	0.0000	0.0000	0.0000	0.0000	0.0000	0.0000	0.9955	0.0003	0.0014	0.0000	0.0014	0.0000	0.0014	0.0000	
11	0.0000	0.0000	0.0000	0.0000	0.0000	0.0000	0.0000	0.0000	0.0003	0.9955	0.0000	0.0014	0.0000	0.0014	0.0000	0.0014	
12	0.0000	0.0000	0.0000	0.0000	0.0000	0.0000	0.0000	0.0000	0.0000	0.0014	0.0014	0.0000	0.0028	0.9944	0.0000	0.0000	
13	0.0000	0.0000	0.0000	0.0000	0.0000	0.0000	0.0000	0.0000	0.0014	0.0000	0.0000	0.0014	0.9944	0.0028	0.0000	0.0000	
14	0.0000	0.0000	0.0000	0.0000	0.0000	0.0000	0.0000	0.0000	0.0014	0.0000	0.0014	0.0000	0.0000	0.0000	0.9944	0.0028	
15	0.0000	0.0000	0.0000	0.0000	0.0000	0.0000	0.0000	0.0000	0.0000	0.0014	0.0000	0.0014	0.0000	0.0000	0.0028	0.9944	
0.000000	0.000000	
0	1.0000	0.0000	0.0000	0.0000	0.0000	0.0000	-0.0000	0.0000	0.0000	0.0000	0.0000	0.0000	0.0000	0.0000	0.0000	0.0000	
1	0.0000	1.0000	-0.0000	0.0000	-0.0000	0.0000	0.0000	-0.0000	0.0000	0.0000	0.0000	0.0000	0.0000	0.0000	0.0000	0.0000	
2	-0.0000	0.0000	0.0000	1.0000	-0.0000	0.0000	0.0000	0.0000	0.0000	0.0000	0.0000	0.0000	0.0000	0.0000	0.0000	0.0000	
3	0.0000	0.0000	1.0000	0.0000	0.0000	0.0000	0.0000	-0.0000	0.0000	0.0000	0.0000	0.0000	0.0000	0.0000	0.0000	0.0000	
4	0.0000	0.0000	0.0000	0.0000	0.0000	0.0000	1.0000	0.0000	0.0000	0.0000	0.0000	0.0000	0.0000	0.0000	0.0000	0.0000	
5	0.0000	-0.0000	0.0000	0.0000	0.0000	0.0000	0.0000	1.0000	0.0000	0.0000	0.0000	0.0000	0.0000	0.0000	0.0000	0.0000	
6	0.0000	0.0000	0.0000	0.0000	1.0000	0.0000	0.0000	0.0000	0.0000	0.0000	0.0000	0.0000	0.0000	0.0000	0.0000	0.0000	
7	-0.0000	0.0000	0.0000	0.0000	0.0000	1.0000	0.0000	0.0000	0.0000	0.0000	0.0000	0.0000	0.0000	0.0000	0.0000	0.0000	
8	0.0000	0.0000	0.0000	0.0000	0.0000	0.0000	0.0000	0.0000	0.0000	0.0000	1.0000	0.0000	0.0000	0.0000	0.0000	-0.0000	
9	0.0000	0.0000	0.0000	0.0000	0.0000	0.0000	0.0000	0.0000	-0.0000	0.0000	0.0000	1.0000	0.0000	0.0000	0.0000	0.0000	
10	0.0000	0.0000	0.0000	0.0000	0.0000	0.0000	0.0000	0.0000	1.0000	0.0000	0.0000	-0.0000	0.0000	0.0000	0.0000	0.0000	
11	0.0000	0.0000	0.0000	0.0000	0.0000	0.0000	0.0000	0.0000	0.0000	1.0000	0.0000	0.0000	0.0000	0.0000	0.0000	0.0000	
12	0.0000	0.0000	0.0000	0.0000	0.0000	0.0000	0.0000	0.0000	0.0000	0.0000	0.0000	0.0000	0.0000	1.0000	0.0000	0.0000	
13	0.0000	0.0000	0.0000	0.0000	0.0000	0.0000	0.0000	0.0000	0.0000	0.0000	-0.0000	0.0000	1.0000	0.0000	0.0000	0.0000	
14	0.0000	0.0000	0.0000	0.0000	0.0000	0.0000	0.0000	0.0000	0.0000	0.0000	0.0000	0.0000	0.0000	0.0000	1.0000	0.0000	
15	0.0000	0.0000	0.0000	0.0000	0.0000	0.0000	0.0000	0.0000	-0.0000	0.0000	0.0000	0.0000	0.0000	0.0000	0.0000	1.0000	
0.050000	0.089065	
0	1.0000	0.0000	0.0000	-0.0000	0.0000	0.0000	0.0000	0.0000	0.0000	0.0000	0.0000	0.0000	0.0000	0.0000	0.0000	0.0000	
1	0.0000	1.0000	-0.0000	0.0000	0.0000	0.0000	0.0000	0.0000	0.0000	0.0000	0.0000	0.0000	0.0000	0.0000	0.0000	0.0000	
2	-0.0000	0.0000	0.0000	1.0000	0.0000	0.0000	0.0000	0.0000	0.0000	0.0000	0.0000	0.0000	0.0000	0.0000	0.0000	0.0000	
3	0.0000	0.0000	1.0000	0.0000	0.0000	0.0000	0.0000	0.0000	0.0000	0.0000	0.0000	0.0000	0.0000	0.0000	0.0000	0.0000	
4	0.0000	0.0000	0.0000	0.0000	0.0020	0.0000	0.9960	0.0020	0.0000	0.0000	0.0000	0.0000	0.0000	0.0000	0.0000	0.0000	
5	0.0000	-0.0000	-0.0000	0.0000	0.0000	0.0020	0.0020	0.9960	0.0000	0.0000	0.0000	0.0000	0.0000	0.0000	0.0000	0.0000	
6	0.0000	-0.0000	0.0000	0.0000	0.9941	0.0039	0.0020	0.0000	0.0000	0.0000	0.0000	0.0000	0.0000	0.0000	0.0000	0.0000	
7	0.0000	0.0000	0.0000	0.0000	0.0039	0.9941	0.0000	0.0020	0.0000	0.0000	0.0000	0.0000	0.0000	0.0000	0.0000	0.0000	
8	0.0000	0.0000	0.0000	0.0000	0.0000	0.0000	0.0000	0.0000	0.0020	0.0000	0.9941	0.0000	-0.0000	0.0020	0.0020	0.0000	
9	0.0000	0.0000	0.0000	0.0000	0.0000	0.0000	0.0000	0.0000	0.0000	0.0020	0.0000	0.9941	0.0020	0.0000	0.0000	0.0020	
10	0.0000	0.0000	0.0000	0.0000	0.0000	0.0000	0.0000	0.0000	0.9937	0.0004	0.0020	0.0000	0.0020	0.0000	0.0020	0.0000	
11	0.0000	0.0000	0.0000	0.0000	0.0000	0.0000	0.0000	0.0000	0.0004	0.9937	0.0000	0.0020	0.0000	0.0020	0.0000	0.0020	
12	0.0000	0.0000	0.0000	0.0000	0.0000	0.0000	0.0000	0.0000	0.0000	0.0020	0.0020	0.0000	0.0039	0.9921	0.0000	0.0000	
13	0.0000	0.0000	0.0000	0.0000	0.0000	0.0000	0.0000	0.0000	0.0020	0.0000	0.0000	0.0020	0.9921	0.0039	0.0000	0.0000	
14	0.0000	0.0000	0.0000	0.0000	0.0000	0.0000	0.0000	0.0000	0.0020	0.0000	0.0020	0.0000	0.0000	0.0000	0.9922	0.0039	
15	0.0000	0.0000	0.0000	0.0000	0.0000	0.0000	0.0000	0.0000	0.0000	0.0020	0.0000	0.0020	0.0000	0.0000	0.0039	0.9922	
0.100000	0.193356	
0	1.0000	0.0000	0.0000	-0.0000	0.0000	0.0000	-0.0000	0.0000	0.0000	0.0000	0.0000	0.0000	0.0000	0.0000	0.0000	0.0000	
1	0.0000	1.0000	-0.0000	0.0000	0.0000	0.0000	0.0000	-0.0000	0.0000	0.0000	0.0000	0.0000	0.0000	0.0000	0.0000	0.0000	
2	-0.0000	0.0000	0.0001	0.9999	-0.0000	0.0000	0.0000	0.0000	0.0000	0.0000	0.0000	0.0000	0.0000	0.0000	0.0000	0.0000	
3	0.0000	-0.0000	0.9999	0.0001	0.0000	0.0000	0.0000	0.0000	0.0000	0.0000	0.0000	0.0000	0.0000	0.0000	0.0000	0.0000	
4	-0.0000	0.0000	0.0000	0.0000	0.0092	0.0001	0.9816	0.0091	0.0000	0.0000	0.0000	0.0000	0.0000	0.0000	0.0000	0.0000	
5	0.0000	0.0000	0.0000	0.0000	0.0001	0.0092	0.0091	0.9816	0.0000	0.0000	0.0000	0.0000	0.0000	0.0000	0.0000	0.0000	
6	0.0000	0.0000	0.0000	0.0000	0.9736	0.0171	0.0092	0.0002	0.0000	0.0000	0.0000	0.0000	0.0000	0.0000	0.0000	0.0000	
7	0.0000	0.0000	-0.0000	0.0000	0.0171	0.9736	0.0002	0.0092	0.0000	0.0000	0.0000	0.0000	0.0000	0.0000	0.0000	0.0000	
8	0.0000	0.0000	0.0000	0.0000	0.0000	0.0000	0.0000	0.0000	0.0093	0.0001	0.9723	0.0000	0.0000	0.0091	0.0091	0.0000	
9	0.0000	0.0000	0.0000	0.0000	0.0000	0.0000	0.0000	0.0000	0.0001	0.0093	0.0000	0.9723	0.0091	0.0000	0.0000	0.0091	
10	0.0000	0.0000	0.0000	0.0000	0.0000	0.0000	0.0000	0.0000	0.9702	0.0021	0.0094	0.0000	0.0091	0.0000	0.0091	0.0001	
11	0.0000	0.0000	0.0000	0.0000	0.0000	0.0000	0.0000	0.0000	0.0021	0.9702	0.0000	0.0094	0.0000	0.0091	0.0001	0.0091	
12	0.0000	0.0000	0.0000	0.0000	0.0000	0.0000	0.0000	0.0000	0.0000	0.0091	0.0091	0.0000	0.0179	0.9637	0.0001	0.0000	
13	0.0000	0.0000	0.0000	0.0000	0.0000	0.0000	0.0000	0.0000	0.0091	0.0000	0.0000	0.0091	0.9637	0.0179	0.0000	0.0001	
14	0.0000	0.0000	0.0000	0.0000	0.0000	0.0000	0.0000	0.0000	0.0091	0.0000	0.0090	0.0001	0.0001	0.0000	0.9647	0.0169	
15	0.0000	0.0000	0.0000	0.0000	0.0000	0.0000	0.0000	0.0000	0.0000	0.0091	0.0001	0.0090	0.0000	0.0001	0.0169	0.9647	
0.150000	0.314485	
0	1.0000	0.0000	0.0000	-0.0000	0.0000	0.0000	-0.0000	0.0000	0.0000	0.0000	0.0000	0.0000	0.0000	0.0000	0.0000	0.0000	
1	0.0000	1.0000	-0.0000	0.0000	0.0000	0.0000	0.0000	0.0000	0.0000	0.0000	0.0000	0.0000	0.0000	0.0000	0.0000	0.0000	
2	-0.0000	0.0000	0.0006	0.9994	0.0000	0.0000	0.0000	0.0000	0.0000	0.0000	0.0000	0.0000	0.0000	0.0000	0.0000	0.0000	
3	0.0000	-0.0000	0.9994	0.0006	0.0000	0.0000	0.0000	0.0000	0.0000	0.0000	0.0000	0.0000	0.0000	0.0000	0.0000	0.0000	
4	-0.0000	0.0000	0.0000	0.0000	0.0239	0.0006	0.9526	0.0229	0.0000	0.0000	0.0000	0.0000	0.0000	0.0000	0.0000	0.0000	
5	0.0000	0.0000	0.0000	0.0000	0.0006	0.0239	0.0229	0.9526	0.0000	0.0000	0.0000	0.0000	0.0000	0.0000	0.0000	0.0000	
6	0.0000	0.0000	0.0000	0.0000	0.9367	0.0388	0.0235	0.0010	0.0000	0.0000	0.0000	0.0000	0.0000	0.0000	0.0000	0.0000	
7	0.0000	0.0000	-0.0000	0.0000	0.0388	0.9367	0.0010	0.0235	0.0000	0.0000	0.0000	0.0000	0.0000	0.0000	0.0000	0.0000	
8	0.0000	0.0000	0.0000	0.0000	0.0000	0.0000	0.0000	0.0000	0.0245	0.0006	0.9282	0.0000	0.0000	0.0233	0.0233	0.0000	
9	0.0000	0.0000	0.0000	0.0000	0.0000	0.0000	0.0000	0.0000	0.0006	0.0245	0.0000	0.9282	0.0233	0.0000	0.0000	0.0233	
10	0.0000	0.0000	0.0000	0.0000	0.0000	0.0000	0.0000	0.0000	0.9209	0.0074	0.0248	0.0003	0.0231	0.0002	0.0228	0.0005	
11	0.0000	0.0000	0.0000	0.0000	0.0000	0.0000	0.0000	0.0000	0.0074	0.9209	0.0003	0.0248	0.0002	0.0231	0.0005	0.0228	
12	0.0000	0.0000	0.0000	0.0000	0.0000	0.0000	0.0000	0.0000	0.0002	0.0231	0.0231	0.0002	0.0443	0.9084	0.0006	0.0000	
13	0.0000	0.0000	0.0000	0.0000	0.0000	0.0000	0.0000	0.0000	0.0231	0.0002	0.0002	0.0231	0.9084	0.0443	0.0000	0.0006	
14	0.0000	0.0000	0.0000	0.0000	0.0000	0.0000	0.0000	0.0000	0.0228	0.0006	0.0226	0.0007	0.0006	0.0000	0.9147	0.0381	
15	0.0000	0.0000	0.0000	0.0000	0.0000	0.0000	0.0000	0.0000	0.0006	0.0228	0.0007	0.0226	0.0000	0.0006	0.0381	0.9147	
0.200000	0.454414	
0	1.0000	0.0000	0.0000	-0.0000	0.0000	-0.0000	0.0000	0.0000	0.0000	0.0000	0.0000	0.0000	0.0000	0.0000	0.0000	0.0000	
1	0.0000	1.0000	-0.0000	0.0000	0.0000	0.0000	0.0000	0.0000	0.0000	0.0000	0.0000	0.0000	0.0000	0.0000	0.0000	0.0000	
2	0.0000	0.0000	0.0026	0.9974	0.0000	0.0000	0.0000	0.0000	0.0000	0.0000	0.0000	0.0000	0.0000	0.0000	0.0000	0.0000	
3	0.0000	-0.0000	0.9974	0.0026	0.0000	0.0000	0.0000	0.0000	0.0000	0.0000	0.0000	0.0000	0.0000	0.0000	0.0000	0.0000	
4	0.0000	0.0000	0.0000	0.0000	0.0484	0.0023	0.9055	0.0438	0.0000	0.0000	0.0000	0.0000	0.0000	0.0000	0.0000	0.0000	
5	0.0000	0.0000	0.0000	0.0000	0.0023	0.0484	0.0438	0.9055	0.0000	0.0000	0.0000	0.0000	0.0000	0.0000	0.0000	0.0000	
6	0.0000	0.0000	0.0000	0.0000	0.8876	0.0617	0.0474	0.0033	0.0000	0.0000	0.0000	0.0000	0.0000	0.0000	0.0000	0.0000	
7	0.0000	0.0000	0.0000	0.0000	0.0617	0.8876	0.0033	0.0474	0.0000	0.0000	0.0000	0.0000	0.0000	0.0000	0.0000	0.0000	
8	0.0000	0.0000	0.0000	0.0000	0.0000	0.0000	0.0000	0.0000	0.0507	0.0024	0.8554	0.0000	0.0000	0.0457	0.0457	-0.0000	
9	0.0000	0.0000	0.0000	0.0000	0.0000	0.0000	0.0000	0.0000	0.0024	0.0507	0.0000	0.8554	0.0457	0.0000	0.0000	0.0457	
10	0.0000	0.0000	0.0000	0.0000	0.0000	0.0000	0.0000	0.0000	0.8349	0.0205	0.0514	0.0018	0.0446	0.0011	0.0440	0.0017	
11	0.0000	0.0000	0.0000	0.0000	0.0000	0.0000	0.0000	0.0000	0.0205	0.8349	0.0018	0.0514	0.0011	0.0446	0.0017	0.0440	
12	0.0000	0.0000	0.0000	0.0000	0.0000	0.0000	0.0000	0.0000	0.0011	0.0446	0.0446	0.0011	0.0818	0.8243	0.0024	0.0001	
13	0.0000	0.0000	0.0000	0.0000	0.0000	0.0000	0.0000	0.0000	0.0446	0.0011	0.0011	0.0446	0.8243	0.0818	0.0001	0.0024	
14	0.0000	0.0000	0.0000	0.0000	0.0000	0.0000	0.0000	0.0000	0.0416	0.0041	0.0440	0.0017	0.0022	0.0002	0.8459	0.0602	
15	0.0000	0.0000	0.0000	0.0000	0.0000	0.0000	0.0000	0.0000	0.0041	0.0416	0.0017	0.0440	0.0002	0.0022	0.0602	0.8459	
-0.200000	-0.408276	
0	1.0000	0.0000	0.0000	0.0000	0.0000	0.0000	0.0000	0.0000	0.0000	0.0000	0.0000	0.0000	0.0000	0.0000	0.0000	0.0000	
1	0.0000	1.0000	0.0000	0.0000	0.0000	0.0000	0.0000	0.0000	0.0000	0.0000	0.0000	0.0000	0.0000	0.0000	0.0000	0.0000	
2	0.0000	0.0000	0.0017	0.9983	0.0000	0.0000	0.0000	0.0000	0.0000	0.0000	0.0000	0.0000	0.0000	0.0000	0.0000	0.0000	
3	0.0000	0.0000	0.9983	0.0017	0.0000	0.0000	0.0000	0.0000	0.0000	0.0000	0.0000	0.0000	0.0000	0.0000	0.0000	0.0000	
4	0.0000	0.0000	0.0000	0.0000	0.0395	0.0016	0.9224	0.0365	0.0000	0.0000	0.0000	0.0000	0.0000	0.0000	0.0000	0.0000	
5	0.0000	0.0000	0.0000	0.0000	0.0016	0.0395	0.0365	0.9224	0.0000	0.0000	0.0000	0.0000	0.0000	0.0000	0.0000	0.0000	
6	0.0000	0.0000	0.0000	-0.0000	0.9038	0.0551	0.0387	0.0024	0.0000	0.0000	0.0000	0.0000	0.0000	0.0000	0.0000	0.0000	
7	0.0000	0.0000	-0.0000	-0.0000	0.0551	0.9038	0.0024	0.0387	0.0000	0.0000	0.0000	0.0000	0.0000	0.0000	0.0000	0.0000	
8	0.0000	0.0000	0.0000	0.0000	0.0000	0.0000	0.0000	0.0000	0.0411	0.0016	0.8817	0.0000	0.0000	0.0378	0.0378	0.0000	
9	0.0000	0.0000	0.0000	0.0000	0.0000	0.0000	0.0000	0.0000	0.0016	0.0411	0.0000	0.8817	0.0378	-0.0000	0.0000	0.0378	
10	0.0000	0.0000	0.0000	0.0000	0.0000	0.0000	0.0000	0.0000	0.8665	0.0152	0.0417	0.0010	0.0371	0.0007	0.0366	0.0012	
11	0.0000	0.0000	0.0000	0.0000	0.0000	0.0000	0.0000	0.0000	0.0152	0.8665	0.0010	0.0417	0.0007	0.0371	0.0012	0.0366	
12	0.0000	0.0000	0.0000	0.0000	0.0000	0.0000	0.0000	0.0000	0.0007	0.0371	0.0371	0.0007	0.0692	0.8537	0.0016	0.0000	
13	0.0000	0.0000	0.0000	0.0000	0.0000	0.0000	0.0000	0.0000	0.0371	0.0007	0.0007	0.0371	0.8537	0.0692	0.0000	0.0016	
14	0.0000	0.0000	0.0000	0.0000	0.0000	0.0000	0.0000	0.0000	0.0354	0.0024	0.0364	0.0014	0.0015	0.0001	0.8690	0.0538	
15	0.0000	0.0000	0.0000	0.0000	0.0000	0.0000	0.0000	0.0000	0.0024	0.0354	0.0014	0.0364	0.0001	0.0015	0.0538	0.8690	
-0.150000	-0.296174	
0	1.0000	0.0000	0.0000	-0.0000	0.0000	0.0000	0.0000	0.0000	0.0000	0.0000	0.0000	0.0000	0.0000	0.0000	0.0000	0.0000	
1	0.0000	1.0000	-0.0000	0.0000	0.0000	0.0000	0.0000	-0.0000	0.0000	0.0000	0.0000	0.0000	0.0000	0.0000	0.0000	0.0000	
2	-0.0000	0.0000	0.0005	0.9995	0.0000	0.0000	-0.0000	0.0000	0.0000	0.0000	0.0000	0.0000	0.0000	0.0000	0.0000	0.0000	
3	0.0000	0.0000	0.9995	0.0005	0.0000	-0.0000	0.0000	0.0000	0.0000	0.0000	0.0000	0.0000	0.0000	0.0000	0.0000	0.0000	
4	0.0000	0.0000	0.0000	0.0000	0.0213	0.0005	0.9578	0.0205	0.0000	0.0000	0.0000	0.0000	0.0000	0.0000	0.0000	0.0000	
5	0.0000	0.0000	0.0000	0.0000	0.0005	0.0213	0.0205	0.9578	0.0000	0.0000	0.0000	0.0000	0.0000	0.0000	0.0000	0.0000	
6	0.0000	0.0000	0.0000	0.0000	0.9429	0.0354	0.0210	0.0008	0.0000	0.0000	0.0000	0.0000	0.0000	0.0000	0.0000	0.0000	
7	0.0000	0.0000	-0.0000	0.0000	0.0354	0.9429	0.0008	0.0210	0.0000	0.0000	0.0000	0.0000	0.0000	0.0000	0.0000	0.0000	
8	0.0000	0.0000	0.0000	0.0000	0.0000	0.0000	0.0000	0.0000	0.0218	0.0005	0.9361	0.0000	0.0000	0.0208	0.0208	0.0000	
9	0.0000	0.0000	0.0000	0.0000	0.0000	0.0000	0.0000	0.0000	0.0005	0.0218	0.0000	0.9361	0.0208	0.0000	0.0000	0.0208	
10	0.0000	0.0000	0.0000	0.0000	0.0000	0.0000	0.0000	0.0000	0.9298	0.0063	0.0220	0.0002	0.0207	0.0001	0.0204	0.0004	
11	0.0000	0.0000	0.0000	0.0000	0.0000	0.0000	0.0000	0.0000	0.0063	0.9298	0.0002	0.0220	0.0001	0.0207	0.0004	0.0204	
12	0.0000	0.0000	0.0000	0.0000	0.0000	0.0000	0.0000	0.0000	0.0001	0.0207	0.0207	0.0001	0.0398	0.9181	0.0005	0.0000	
13	0.0000	0.0000	0.0000	0.0000	0.0000	0.0000	0.0000	0.0000	0.0207	0.0001	0.0001	0.0207	0.9181	0.0398	0.0000	0.0005	
14	0.0000	0.0000	0.0000	0.0000	0.0000	0.0000	0.0000	0.0000	0.0204	0.0004	0.0202	0.0006	0.0005	0.0000	0.9231	0.0348	
15	0.0000	0.0000	0.0000	0.0000	0.0000	0.0000	0.0000	0.0000	0.0004	0.0204	0.0006	0.0202	0.0000	0.0005	0.0348	0.9231	
-0.100000	-0.194036	
0	1.0000	0.0000	0.0000	0.0000	0.0000	0.0000	0.0000	0.0000	0.0000	0.0000	0.0000	0.0000	0.0000	0.0000	0.0000	0.0000	
1	0.0000	1.0000	-0.0000	0.0000	-0.0000	0.0000	0.0000	0.0000	0.0000	0.0000	0.0000	0.0000	0.0000	0.0000	0.0000	0.0000	
2	0.0000	0.0000	0.0001	0.9999	0.0000	0.0000	0.0000	0.0000	0.0000	0.0000	0.0000	0.0000	0.0000	0.0000	0.0000	0.0000	
3	0.0000	0.0000	0.9999	0.0001	0.0000	-0.0000	0.0000	0.0000	0.0000	0.0000	0.0000	0.0000	0.0000	0.0000	0.0000	0.0000	
4	-0.0000	0.0000	0.0000	0.0000	0.0093	0.0001	0.9815	0.0091	0.0000	0.0000	0.0000	0.0000	0.0000	0.0000	0.0000	0.0000	
5	0.0000	0.0000	0.0000	0.0000	0.0001	0.0093	0.0091	0.9815	0.0000	0.0000	0.0000	0.0000	0.0000	0.0000	0.0000	0.0000	
6	0.0000	-0.0000	0.0000	0.0000	0.9734	0.0172	0.0092	0.0002	0.0000	0.0000	0.0000	0.0000	0.0000	0.0000	0.0000	0.0000	
7	0.0000	0.0000	0.0000	0.0000	0.0172	0.9734	0.0002	0.0092	0.0000	0.0000	0.0000	0.0000	0.0000	0.0000	0.0000	0.0000	
8	0.0000	0.0000	0.0000	0.0000	0.0000	0.0000	0.0000	0.0000	0.0094	0.0001	0.9721	0.0000	0.0000	0.0092	0.0092	0.0000	
9	0.0000	0.0000	0.0000	0.0000	0.0000	0.0000	0.0000	0.0000	0.0001	0.0094	0.0000	0.9721	0.0092	-0.0000	0.0000	0.0092	
10	0.0000	0.0000	0.0000	0.0000	0.0000	0.0000	0.0000	0.0000	0.9700	0.0021	0.0094	0.0000	0.0092	0.0000	0.0091	0.0001	
11	0.0000	0.0000	0.0000	0.0000	0.0000	0.0000	0.0000	0.0000	0.0021	0.9700	0.0000	0.0094	0.0000	0.0092	0.0001	0.0091	
12	0.0000	0.0000	0.0000	0.0000	0.0000	0.0000	0.0000	0.0000	0.0000	0.0092	0.0092	0.0000	0.0181	0.9634	0.0001	0.0000	
13	0.0000	0.0000	0.0000	0.0000	0.0000	0.0000	0.0000	0.0000	0.0092	0.0000	0.0000	0.0092	0.9634	0.0181	0.0000	0.0001	
14	0.0000	0.0000	0.0000	0.0000	0.0000	0.0000	0.0000	0.0000	0.0092	0.0000	0.0091	0.0001	0.0001	0.0000	0.9645	0.0170	
15	0.0000	0.0000	0.0000	0.0000	0.0000	0.0000	0.0000	0.0000	0.0000	0.0092	0.0001	0.0091	0.0000	0.0001	0.0170	0.9645	
-0.050000	-0.096393	
0	1.0000	0.0000	0.0000	0.0000	0.0000	0.0000	0.0000	0.0000	0.0000	0.0000	0.0000	0.0000	0.0000	0.0000	0.0000	0.0000	
1	0.0000	1.0000	0.0000	0.0000	0.0000	0.0000	0.0000	0.0000	0.0000	0.0000	0.0000	0.0000	0.0000	0.0000	0.0000	0.0000	
2	-0.0000	0.0000	0.0000	1.0000	0.0000	0.0000	-0.0000	0.0000	0.0000	0.0000	0.0000	0.0000	0.0000	0.0000	0.0000	0.0000	
3	0.0000	-0.0000	1.0000	0.0000	0.0000	-0.0000	0.0000	0.0000	0.0000	0.0000	0.0000	0.0000	0.0000	0.0000	0.0000	0.0000	
4	-0.0000	0.0000	0.0000	0.0000	0.0023	0.0000	0.9954	0.0023	0.0000	0.0000	0.0000	0.0000	0.0000	0.0000	0.0000	0.0000	
